3 -0.160200 0.047533 0.112667
3 -0.002067 -0.001000 0.003067
3 -0.020533 0.002733 0.017800
3 -0.036733 0.010867 0.025867
3 -0.017467 0.005200 0.012267
3 -0.158333 0.045800 0.112533
2 -0.011067 0.007733 0.003333
3 -0.150200 0.049000 0.101200
3 -0.028067 0.000667 0.027400
3 -0.110600 0.028533 0.082067
3 -0.000533 0.000067 0.000467
3 -0.141200 0.025267 0.115933
3 -0.002400 -0.049133 0.051533
3 -0.004200 0.001067 0.003133
1 0.007933 -0.010867 0.002933
3 0.005000 -0.036533 0.031533
3 -0.079533 0.022533 0.057000
1 0.007933 -0.010867 0.002933
3 -0.028133 -0.010333 0.038467
3 -0.011200 0.000200 0.011000
3 -0.183067 0.062267 0.120800
3 -0.020867 -0.016733 0.037600
3 -0.009533 0.000800 0.008733
3 -0.003800 -0.003400 0.007200
3 -0.047733 0.005133 0.042600
3 0.000067 -0.002067 0.002000
3 -0.042000 0.006800 0.035200
3 -0.033267 -0.002467 0.035733
3 -0.000867 -0.002933 0.003800
3 -0.029933 -0.016400 0.046333
3 -0.004533 -0.004933 0.009467
3 -0.003800 0.001533 0.002267
3 -0.006067 -0.015667 0.021733
3 -0.013133 0.003200 0.009933
3 -0.048800 0.005467 0.043333
3 -0.020267 -0.003867 0.024133
3 -0.151533 0.020800 0.130733
3 -0.045533 0.011667 0.033867
3 -0.001533 -0.000467 0.002000
3 -0.011400 -0.006600 0.018000
3 -0.011400 -0.016400 0.027800
3 -0.001667 -0.003067 0.004733
3 -0.029867 -0.012467 0.042333
3 -0.024933 -0.011533 0.036467
3 -0.000000 -0.009000 0.009000
3 0.000200 -0.029400 0.029200
3 -0.029533 0.008800 0.020733
3 -0.011267 -0.018400 0.029667
3 -0.002400 0.000600 0.001800
3 -0.025200 -0.011267 0.036467
3 -0.018667 -0.019067 0.037733
3 -0.010133 -0.016067 0.026200
3 -0.002867 -0.011800 0.014667
3 -0.004200 -0.008200 0.012400
3 -0.026067 0.010333 0.015733
3 -0.166067 0.034467 0.131600
3 0.001733 -0.023600 0.021867
3 0.006733 -0.014733 0.008000
3 0.001600 -0.026000 0.024400
3 -0.018867 -0.032333 0.051200
3 -0.025800 0.004867 0.020933
3 -0.150600 0.049267 0.101333
3 -0.000733 -0.006667 0.007400
3 -0.003267 -0.021467 0.024733
3 0.004200 -0.025333 0.021133
3 0.002333 -0.007333 0.005000
1 0.000467 -0.000467 0.000000
3 -0.058333 0.009067 0.049267
3 -0.000933 -0.000733 0.001667
3 -0.002333 -0.006000 0.008333
3 -0.011133 -0.005733 0.016867
3 -0.015200 0.006867 0.008333
3 0.001867 -0.004800 0.002933
3 -0.019133 -0.013667 0.032800
3 -0.045200 -0.014933 0.060133
3 0.001467 -0.024333 0.022867
3 -0.010067 0.003800 0.006267
1 0.006000 -0.008733 0.002733
3 -0.027800 -0.017000 0.044800
3 -0.000400 -0.000400 0.000800
3 -0.048400 -0.012800 0.061200
3 -0.033333 0.010000 0.023333
3 -0.000867 -0.037533 0.038400
3 0.002733 -0.014200 0.011467
3 0.000667 -0.003067 0.002400
3 -0.000467 -0.002800 0.003267
3 -0.027000 0.000867 0.026133
3 -0.007333 -0.001200 0.008533
3 -0.005800 -0.006067 0.011867
3 -0.005200 -0.002733 0.007933
3 -0.157333 0.052333 0.105000
3 -0.003600 -0.009800 0.013400
3 0.003000 -0.024133 0.021133
3 -0.037600 0.007400 0.030200
3 -0.012600 -0.002067 0.014667
3 -0.306400 0.100533 0.205867
3 -0.013067 -0.032533 0.045600
2 -0.001200 0.000600 0.000600
3 -0.018600 -0.024667 0.043267
3 -0.005800 -0.002333 0.008133
3 -0.008067 0.002333 0.005733
3 -0.150467 0.049267 0.101200
3 -0.002000 -0.000667 0.002667
3 -0.278800 0.066867 0.211933
3 -0.005600 -0.016267 0.021867
3 -0.018800 -0.049933 0.068733
3 0.016067 -0.090267 0.074200
3 -0.012933 -0.002800 0.015733
3 -0.000067 -0.000067 0.000133
3 -0.001467 -0.008333 0.009800
3 -0.152733 0.045267 0.107467
3 -0.149467 0.014600 0.134867
1 0.013667 -0.015000 0.001333
3 -0.046200 0.013067 0.033133
3 -0.039733 0.007667 0.032067
3 -0.001333 0.000267 0.001067
3 -0.001533 -0.000133 0.001667
3 -0.009333 -0.021200 0.030533
3 -0.017133 -0.026533 0.043667
3 -0.304133 0.094067 0.210067
3 -0.010267 -0.041867 0.052133
3 0.009933 -0.031733 0.021800
1 0.014133 -0.023000 0.008867
3 -0.029867 0.007667 0.022200
3 -0.031733 0.008467 0.023267
3 -0.003600 -0.004600 0.008200
3 -0.077333 0.008333 0.069000
1 0.004133 -0.008200 0.004067
3 -0.011333 0.001133 0.010200
1 0.001733 -0.003000 0.001267
3 -0.002467 -0.004200 0.006667
3 -0.004533 -0.002533 0.007067
3 -0.077333 0.008333 0.069000
3 -0.002267 -0.008733 0.011000
3 -0.002933 -0.001133 0.004067
3 0.000800 -0.020667 0.019867
3 -0.013000 -0.009533 0.022533
3 -0.300933 0.098533 0.202400
1 0.012867 -0.023533 0.010667
3 -0.040000 0.012600 0.027400
3 0.001600 -0.004000 0.002400
3 -0.010267 -0.019200 0.029467
3 -0.013600 -0.003667 0.017267
3 -0.005400 -0.002133 0.007533
3 -0.019667 0.003200 0.016467
3 -0.005333 -0.003933 0.009267
3 -0.055200 0.000200 0.055000
3 -0.041667 0.009133 0.032533
2 -0.001333 0.000733 0.000600
3 0.008200 -0.020000 0.011800
3 0.003800 -0.010000 0.006200
3 -0.004800 -0.014333 0.019133
3 -0.166000 0.023933 0.142067
3 -0.024800 0.003467 0.021333
3 -0.020867 -0.013000 0.033867
3 -0.004667 0.001267 0.003400
2 -0.001467 0.000800 0.000667
3 -0.052000 0.009200 0.042800
3 -0.007200 -0.017600 0.024800
3 -0.009467 -0.012267 0.021733
3 -0.006333 -0.025067 0.031400
3 -0.017067 0.004867 0.012200
3 -0.003267 -0.005133 0.008400
3 0.000400 -0.001200 0.000800
3 0.009267 -0.022000 0.012733
2 -0.013000 0.007933 0.005067
3 -0.013200 -0.031067 0.044267
3 0.010333 -0.025400 0.015067
3 0.005733 -0.019067 0.013333
3 -0.002800 -0.000133 0.002933
3 -0.002067 -0.001333 0.003400
3 -0.007267 -0.019800 0.027067
3 -0.000067 -0.000200 0.000267
3 -0.016067 -0.001600 0.017667
3 -0.017467 0.003933 0.013533
3 -0.028600 0.009267 0.019333
3 -0.000333 0.000067 0.000267
1 0.006933 -0.010600 0.003667
3 -0.004000 -0.000667 0.004667
3 -0.003400 -0.000000 0.003400
3 -0.145133 0.031200 0.113933
3 -0.094000 0.026600 0.067400
3 -0.005933 0.000400 0.005533
3 -0.009533 -0.003067 0.012600
3 -0.023200 -0.011133 0.034333
3 -0.002600 -0.012267 0.014867
3 -0.035933 0.009067 0.026867
3 -0.007400 -0.004400 0.011800
3 -0.003133 -0.001133 0.004267
3 0.000533 -0.002000 0.001467
1 0.003333 -0.006267 0.002933
1 0.000067 -0.000067 0.000000
3 -0.000600 -0.022600 0.023200
3 -0.006067 0.002267 0.003800
3 -0.003867 -0.003333 0.007200
1 0.005133 -0.005533 0.000400
3 -0.164867 0.044333 0.120533
3 -0.007067 -0.000467 0.007533
3 -0.033800 -0.016067 0.049867
3 -0.158933 0.049867 0.109067
3 -0.004800 -0.006133 0.010933
3 -0.034000 -0.037333 0.071333
3 -0.006667 0.001400 0.005267
2 -0.001400 0.000933 0.000467
3 -0.000667 0.000333 0.000333
3 -0.017400 -0.015067 0.032467
3 -0.001733 0.000200 0.001533
2 -0.013333 0.008467 0.004867
3 -0.157600 0.050200 0.107400
3 -0.176400 0.038333 0.138067
1 0.000000 0.000000 0.000000
3 -0.010333 -0.009267 0.019600
3 -0.042067 0.013200 0.028867
3 -0.018333 0.003467 0.014867
3 -0.011467 0.000267 0.011200
1 0.007933 -0.010867 0.002933
3 -0.012333 -0.000467 0.012800
3 0.000000 -0.019400 0.019400
3 -0.006667 -0.009000 0.015667
3 -0.047467 0.005200 0.042267
3 -0.013467 0.000133 0.013333
3 -0.167667 0.033667 0.134000
3 -0.151333 0.050000 0.101333
3 -0.000267 -0.000133 0.000400
3 0.002200 -0.011867 0.009667
3 -0.010333 0.002267 0.008067
3 0.000333 -0.024733 0.024400
3 -0.317933 0.105667 0.212267
3 -0.009200 0.002333 0.006867
3 0.011467 -0.039533 0.028067
3 0.003600 -0.020000 0.016400
1 0.000800 -0.001000 0.000200
3 0.010267 -0.043467 0.033200
2 -0.005600 0.003600 0.002000
3 -0.027267 0.006200 0.021067
3 -0.009400 -0.014867 0.024267
3 -0.040800 0.004267 0.036533
3 -0.009333 -0.015733 0.025067
3 -0.218733 0.040733 0.178000
3 -0.002733 -0.010400 0.013133
3 -0.017667 0.001200 0.016467
3 -0.009400 -0.001133 0.010533
3 -0.012933 -0.009000 0.021933
3 -0.036200 0.005667 0.030533
3 -0.156467 0.040867 0.115600
3 -0.029533 -0.001267 0.030800
3 0.013667 -0.051800 0.038133
3 -0.150133 0.044067 0.106067
3 -0.008000 -0.013867 0.021867
3 -0.062600 -0.026200 0.088800
3 0.003467 -0.029600 0.026133
3 -0.054800 -0.005600 0.060400
3 -0.026933 0.001400 0.025533
1 0.006000 -0.010600 0.004600
3 -0.005867 -0.005133 0.011000
3 -0.167800 0.050533 0.117267
3 -0.156533 0.050800 0.105733
1 0.008333 -0.012600 0.004267
3 -0.027533 0.013267 0.014267
3 -0.005933 0.000133 0.005800
3 -0.014400 -0.012000 0.026400
3 -0.049800 0.017600 0.032200
3 -0.001600 -0.023600 0.025200
3 -0.002667 -0.006133 0.008800
3 -0.014400 0.002267 0.012133
2 -0.009867 0.005200 0.004667
3 -0.014133 -0.028400 0.042533
1 0.009533 -0.013533 0.004000
3 0.001867 -0.011000 0.009133
2 -0.001667 0.001200 0.000467
3 -0.000400 -0.000267 0.000667
3 -0.081467 -0.008867 0.090333
2 -0.009867 0.005600 0.004267
3 -0.152800 0.049867 0.102933
3 -0.035933 0.004867 0.031067
3 -0.000133 -0.001333 0.001467
3 -0.035667 -0.009000 0.044667
3 0.001533 -0.009933 0.008400
3 -0.015533 -0.025333 0.040867
3 0.006933 -0.027000 0.020067
3 -0.000667 -0.000933 0.001600
3 -0.004733 -0.015400 0.020133
3 0.004467 -0.024800 0.020333
3 -0.178933 0.035000 0.143933
3 -0.150467 0.049267 0.101200
3 -0.178600 0.021867 0.156733
3 0.000133 -0.000400 0.000267
1 0.001067 -0.001333 0.000267
3 -0.023867 0.007133 0.016733
3 -0.008400 -0.015467 0.023867
3 -0.001333 -0.001200 0.002533
3 -0.009000 -0.000733 0.009733
3 0.000867 -0.037067 0.036200
3 0.000400 -0.029533 0.029133
3 -0.142667 0.029867 0.112800
3 -0.009667 -0.006267 0.015933
3 -0.000133 -0.002067 0.002200
3 -0.010400 -0.000733 0.011133
1 0.001200 -0.001600 0.000400
3 -0.028267 0.001133 0.027133
3 -0.023933 -0.016333 0.040267
3 -0.163533 0.055733 0.107800
3 0.005000 -0.036533 0.031533
3 0.007467 -0.023133 0.015667
3 -0.039000 -0.010667 0.049667
3 -0.028267 0.001133 0.027133
3 -0.066133 0.018067 0.048067
3 -0.175667 0.038000 0.137667
3 -0.008933 -0.016533 0.025467
3 -0.009467 -0.014000 0.023467
3 -0.016000 -0.013333 0.029333
3 -0.036133 0.006400 0.029733
3 -0.008467 -0.010000 0.018467
3 -0.004400 -0.004733 0.009133
3 0.005000 -0.036533 0.031533
3 -0.010467 0.001400 0.009067
3 -0.045133 0.009533 0.035600
3 0.006067 -0.026467 0.020400
2 -0.008333 0.005600 0.002733
3 -0.008400 0.003067 0.005333
3 -0.004133 -0.005000 0.009133
3 -0.002800 -0.000533 0.003333
3 -0.028267 -0.009400 0.037667
3 0.004333 -0.023600 0.019267
3 -0.058533 0.008933 0.049600
3 -0.009867 -0.004000 0.013867
3 -0.017067 0.005533 0.011533
3 -0.001067 -0.010200 0.011267
3 -0.005533 -0.001667 0.007200
3 -0.202133 0.043733 0.158400
3 -0.003600 -0.004867 0.008467
3 -0.017867 0.000800 0.017067
3 -0.053933 0.010933 0.043000
3 -0.016800 0.005933 0.010867
3 -0.000667 0.000000 0.000667
2 -0.008000 0.005867 0.002133
3 -0.009133 -0.013000 0.022133
3 -0.000067 -0.001467 0.001533
3 -0.037133 -0.040867 0.078000
3 -0.037933 -0.000600 0.038533
3 0.004733 -0.014533 0.009800
3 0.000267 -0.003600 0.003333
3 -0.002800 -0.007600 0.010400
3 -0.001133 0.000000 0.001133
3 -0.151933 0.049467 0.102467
1 0.005333 -0.010000 0.004667
3 -0.005067 0.001800 0.003267
3 -0.332933 0.086400 0.246533
3 0.000867 -0.004467 0.003600
3 -0.029067 -0.029733 0.058800
3 -0.178333 0.055933 0.122400
3 -0.003200 -0.004467 0.007667
3 -0.002267 -0.023200 0.025467
3 -0.004533 -0.006200 0.010733
3 -0.053267 0.013667 0.039600
3 -0.038733 -0.002667 0.041400
3 -0.001200 0.000067 0.001133
3 -0.014600 -0.012067 0.026667
3 -0.147733 0.036867 0.110867
3 -0.025200 -0.011267 0.036467
3 -0.160133 0.058000 0.102133
3 0.009267 -0.022667 0.013400
3 -0.006733 -0.002467 0.009200
3 -0.470933 0.136667 0.334267
3 -0.056933 0.006333 0.050600
3 0.001200 -0.014533 0.013333
3 -0.033867 0.011267 0.022600
3 -0.015000 -0.009400 0.024400
3 -0.004600 -0.000933 0.005533
3 -0.008067 -0.001933 0.010000
3 -0.002067 0.000800 0.001267
3 -0.005600 -0.002667 0.008267
3 -0.004800 -0.011133 0.015933
3 -0.163133 0.020867 0.142267
3 -0.019333 -0.024667 0.044000
3 -0.004400 -0.018133 0.022533
3 -0.002667 -0.011533 0.014200
3 -0.041333 0.008133 0.033200
3 -0.000200 -0.012333 0.012533
3 -0.014667 -0.001067 0.015733
3 -0.007067 -0.006133 0.013200
3 0.009533 -0.022333 0.012800
3 0.006067 -0.026467 0.020400
3 -0.037200 0.011333 0.025867
3 -0.010533 -0.001067 0.011600
3 -0.166733 0.056067 0.110667
3 -0.006400 -0.011400 0.017800
3 -0.007400 0.000333 0.007067
3 -0.024333 -0.002733 0.027067
3 -0.055867 0.005133 0.050733
3 -0.018467 0.003000 0.015467
3 -0.151200 0.048667 0.102533
3 -0.058133 -0.013400 0.071533
3 -0.039400 0.008000 0.031400
3 -0.149067 0.028800 0.120267
3 -0.006400 0.002600 0.003800
3 -0.005667 -0.003933 0.009600
3 -0.040533 -0.003200 0.043733
1 0.010200 -0.015467 0.005267
3 -0.174333 0.053200 0.121133
3 -0.013867 -0.004933 0.018800
3 -0.171067 0.055600 0.115467
3 -0.002200 -0.005200 0.007400
3 -0.019667 0.003333 0.016333
3 -0.021800 -0.001533 0.023333
3 0.005000 -0.036533 0.031533
3 -0.029400 -0.010267 0.039667
3 0.000200 -0.001533 0.001333
3 -0.008600 -0.008067 0.016667
3 -0.000133 -0.022467 0.022600
3 -0.005000 -0.001400 0.006400
3 -0.192867 0.063667 0.129200
3 0.001733 -0.010333 0.008600
3 -0.009667 -0.002200 0.011867
3 -0.149600 0.048133 0.101467
3 -0.020733 0.000667 0.020067
3 -0.165667 0.036400 0.129267
3 -0.029200 0.004333 0.024867
3 -0.004533 -0.003667 0.008200
3 0.009933 -0.020933 0.011000
1 0.004133 -0.008200 0.004067
1 0.000000 0.000000 0.000000
1 0.003067 -0.005733 0.002667
3 -0.001533 -0.002467 0.004000
3 -0.002600 -0.000467 0.003067
3 -0.012000 -0.010267 0.022267
2 -0.001667 0.001133 0.000533
1 0.000000 0.000000 0.000000
3 -0.002133 -0.000800 0.002933
1 0.000000 0.000000 0.000000
1 0.000933 -0.001133 0.000200
3 -0.027133 -0.010800 0.037933
3 -0.028733 0.006600 0.022133
3 -0.021133 0.005267 0.015867
1 0.001733 -0.001933 0.000200
3 -0.002467 -0.002733 0.005200
2 -0.021733 0.011733 0.010000
3 -0.034200 0.012800 0.021400
3 -0.025667 0.003867 0.021800
3 -0.052667 -0.000600 0.053267
3 -0.004133 -0.006533 0.010667
3 0.003133 -0.022933 0.019800
3 -0.002933 0.000400 0.002533
3 -0.052400 -0.002933 0.055333
3 -0.031867 -0.002000 0.033867
2 -0.002133 0.001600 0.000533
3 -0.084867 0.011200 0.073667
3 0.003733 -0.008267 0.004533
3 -0.000400 -0.000067 0.000467
3 -0.039000 -0.005067 0.044067
3 -0.023933 -0.004267 0.028200
3 -0.006800 0.002733 0.004067
3 -0.002867 -0.005000 0.007867
3 -0.180667 0.039200 0.141467
3 -0.009267 -0.002867 0.012133
3 -0.051733 0.012667 0.039067
3 -0.002467 -0.005267 0.007733
3 0.000467 -0.012667 0.012200
3 -0.021133 0.003667 0.017467
3 -0.305400 0.100600 0.204800
3 -0.002067 0.000800 0.001267
3 -0.016800 0.005933 0.010867
3 -0.070667 0.017400 0.053267
3 -0.018267 0.002667 0.015600
3 -0.007667 0.000867 0.006800
3 -0.140000 0.037267 0.102733
3 -0.012000 0.001800 0.010200
3 0.001600 -0.004000 0.002400
3 -0.014533 -0.000933 0.015467
3 -0.025067 0.004067 0.021000
3 -0.002933 0.000133 0.002800
3 -0.021267 -0.028467 0.049733
3 -0.003133 -0.017067 0.020200
3 -0.003533 0.000533 0.003000
3 -0.015533 -0.025333 0.040867
3 -0.001933 -0.001800 0.003733
3 -0.044800 -0.007200 0.052000
3 -0.001267 0.000467 0.000800
3 -0.002333 -0.005000 0.007333
3 -0.044133 -0.001667 0.045800
3 -0.181200 0.034533 0.146667
3 -0.300933 0.098533 0.202400
3 -0.046333 0.007800 0.038533
3 -0.006867 -0.001533 0.008400
3 -0.001667 -0.000533 0.002200
3 0.004733 -0.026467 0.021733
3 -0.003733 -0.000733 0.004467
3 -0.164667 0.023333 0.141333
3 -0.000133 0.000000 0.000133
1 0.004133 -0.006267 0.002133
3 -0.007333 -0.016733 0.024067
3 -0.313533 0.098267 0.215267
2 -0.001200 0.000800 0.000400
3 -0.037533 0.008200 0.029333
3 -0.030000 -0.014067 0.044067
3 -0.001467 -0.005267 0.006733
3 -0.000400 -0.021267 0.021667
3 -0.014533 0.002133 0.012400
3 -0.019733 0.003067 0.016667
3 -0.015533 -0.025333 0.040867
2 -0.000133 0.000067 0.000067
3 -0.006667 0.002067 0.004600
3 -0.025733 -0.030133 0.055867
3 -0.027467 -0.016467 0.043933
3 0.003667 -0.010267 0.006600
3 0.005000 -0.021067 0.016067
3 -0.003333 0.001467 0.001867
3 0.000067 -0.001600 0.001533
3 -0.012267 -0.024333 0.036600
3 -0.002400 -0.001667 0.004067
3 -0.004467 -0.024533 0.029000
3 -0.007667 -0.006933 0.014600
3 0.004267 -0.010267 0.006000
3 0.000333 -0.017200 0.016867
3 -0.002733 -0.012067 0.014800
3 -0.008133 -0.013733 0.021867
3 -0.057400 0.017200 0.040200
3 -0.025133 -0.011467 0.036600
3 -0.035733 0.015800 0.019933
3 0.003933 -0.010600 0.006667
3 -0.005867 -0.008000 0.013867
3 0.005200 -0.015067 0.009867
3 -0.051267 -0.007400 0.058667
3 -0.020733 -0.018400 0.039133
3 0.009467 -0.022400 0.012933
3 -0.008800 -0.000933 0.009733
3 -0.003467 -0.006133 0.009600
3 -0.029600 -0.018533 0.048133
3 -0.004933 0.001333 0.003600
1 0.013133 -0.017600 0.004467
3 -0.001600 -0.007667 0.009267
3 -0.162133 0.042467 0.119667
3 0.000467 -0.000933 0.000467
3 -0.007400 0.000800 0.006600
3 0.001533 -0.007733 0.006200
3 -0.164267 0.046333 0.117933
3 -0.026933 -0.021200 0.048133
1 0.000000 0.000000 0.000000
3 -0.050467 0.009733 0.040733
3 -0.034867 -0.003400 0.038267
3 -0.005000 -0.004267 0.009267
3 -0.156400 0.020867 0.135533
1 0.023800 -0.032600 0.008800
3 0.005667 -0.039267 0.033600
3 -0.003267 -0.014800 0.018067
3 -0.008467 -0.008200 0.016667
3 -0.167200 0.023933 0.143267
3 -0.024933 -0.011533 0.036467
3 -0.005333 -0.006533 0.011867
3 -0.212467 0.041933 0.170533
3 -0.003600 -0.034800 0.038400
3 -0.151600 0.049467 0.102133
3 -0.314800 0.103867 0.210933
3 -0.037733 -0.003267 0.041000
3 -0.023533 0.007200 0.016333
3 -0.055400 -0.021333 0.076733
3 -0.001600 0.000600 0.001000
3 -0.006933 -0.017400 0.024333
3 -0.016400 -0.022133 0.038533
3 -0.173733 0.031267 0.142467
3 0.007267 -0.022667 0.015400
3 -0.029000 0.009533 0.019467
2 -0.003867 0.003133 0.000733
3 -0.001600 -0.000933 0.002533
3 -0.003000 -0.005200 0.008200
3 -0.005067 0.000400 0.004667
3 -0.016067 0.003400 0.012667
3 -0.002933 0.000933 0.002000
3 -0.011067 -0.012133 0.023200
3 -0.011600 0.000667 0.010933
3 -0.005867 -0.005133 0.011000
3 -0.007133 -0.007800 0.014933
3 -0.010733 -0.001267 0.012000
3 -0.300533 0.097933 0.202600
3 -0.158333 0.046267 0.112067
3 -0.019333 -0.012067 0.031400
3 -0.054867 -0.006667 0.061533
3 -0.154467 0.039467 0.115000
3 -0.034000 0.004933 0.029067
3 -0.049600 0.013600 0.036000
2 -0.004467 0.002733 0.001733
3 -0.047800 -0.007467 0.055267
3 -0.005400 -0.005200 0.010600
3 -0.031133 0.007400 0.023733
3 0.005000 -0.036533 0.031533
3 -0.003600 -0.003133 0.006733
2 -0.002467 0.001267 0.001200
3 -0.005333 -0.003867 0.009200
3 -0.161067 0.049133 0.111933
3 -0.002067 -0.002400 0.004467
3 -0.041867 0.011267 0.030600
3 -0.015267 0.003467 0.011800
3 0.001800 -0.005533 0.003733
3 -0.166933 0.035333 0.131600
3 -0.060333 0.006733 0.053600
3 -0.008933 -0.003000 0.011933
3 -0.030133 0.006333 0.023800
3 -0.058933 0.020133 0.038800
3 0.009867 -0.024133 0.014267
3 -0.002067 -0.002400 0.004467
3 -0.011267 -0.007867 0.019133
3 -0.057400 0.013867 0.043533
3 -0.000333 0.000000 0.000333
3 -0.002267 -0.002000 0.004267
3 -0.034600 -0.015600 0.050200
3 -0.052533 0.014400 0.038133
3 -0.016333 0.006133 0.010200
1 0.000000 0.000000 0.000000
3 -0.091200 0.004867 0.086333
1 0.000000 0.000000 0.000000
2 -0.013333 0.007533 0.005800
3 -0.018400 -0.002667 0.021067
3 -0.018867 -0.012800 0.031667
3 -0.021067 -0.007400 0.028467
3 -0.152133 0.046200 0.105933
3 -0.006533 0.003133 0.003400
3 -0.021667 0.010667 0.011000
3 -0.009533 -0.008800 0.018333
3 -0.053467 -0.005600 0.059067
3 -0.070000 0.020067 0.049933
3 -0.006733 -0.005667 0.012400
3 -0.162800 0.036933 0.125867
3 -0.022200 -0.023533 0.045733
3 0.006933 -0.027000 0.020067
3 -0.021067 -0.018067 0.039133
3 -0.008667 0.001333 0.007333
3 -0.050933 0.011067 0.039867
3 -0.003600 -0.009800 0.013400
3 0.004867 -0.012067 0.007200
3 -0.350867 0.119867 0.231000
3 -0.027267 0.006200 0.021067
3 -0.005533 -0.009600 0.015133
1 0.019800 -0.036200 0.016400
3 -0.006133 -0.000067 0.006200
3 -0.017733 -0.012000 0.029733
3 -0.013333 0.005333 0.008000
3 -0.158067 0.047733 0.110333
3 -0.008800 -0.003000 0.011800
1 0.001467 -0.001667 0.000200
3 -0.024800 -0.014333 0.039133
3 -0.003200 -0.001067 0.004267
3 -0.016267 -0.004400 0.020667
3 -0.000600 -0.061067 0.061667
3 -0.083400 0.018867 0.064533
3 -0.041067 -0.007667 0.048733
1 0.001133 -0.001800 0.000667
3 -0.005933 -0.011867 0.017800
3 -0.150733 0.049067 0.101667
3 -0.002067 0.000200 0.001867
3 -0.004667 -0.015333 0.020000
3 -0.036800 -0.017533 0.054333
3 -0.010600 -0.013533 0.024133
3 -0.018133 0.003067 0.015067
3 -0.004467 -0.010533 0.015000
3 -0.030067 0.001267 0.028800
3 -0.015533 -0.025333 0.040867
3 -0.000800 -0.009067 0.009867
3 -0.005600 0.000533 0.005067
3 0.000067 -0.001533 0.001467
3 -0.003200 0.000867 0.002333
3 -0.002467 -0.004400 0.006867
3 0.004067 -0.029867 0.025800
3 -0.003000 -0.005200 0.008200
3 -0.008533 -0.016267 0.024800
3 0.001867 -0.010000 0.008133
3 -0.043000 0.007400 0.035600
3 -0.011000 -0.015733 0.026733
2 -0.000667 0.000333 0.000333
3 -0.001267 -0.020933 0.022200
3 -0.066133 -0.007800 0.073933
1 0.015867 -0.023800 0.007933
3 -0.000533 -0.000733 0.001267
3 -0.005867 -0.013333 0.019200
3 -0.009000 -0.026067 0.035067
3 0.002200 -0.006667 0.004467
3 -0.005667 0.001267 0.004400
3 0.015200 -0.045467 0.030267
3 -0.019400 0.005467 0.013933
3 0.012067 -0.027467 0.015400
3 -0.004867 -0.000800 0.005667
3 -0.011867 -0.005467 0.017333
3 -0.003267 -0.006200 0.009467
3 -0.152467 0.049867 0.102600
3 -0.210200 0.038133 0.172067
1 0.000400 -0.000400 0.000000
3 -0.011133 -0.013467 0.024600
3 -0.000600 -0.000867 0.001467
3 -0.024533 -0.014000 0.038533
3 -0.042600 -0.020200 0.062800
3 -0.050733 -0.022467 0.073200
2 -0.002200 0.001400 0.000800
3 -0.013400 -0.004000 0.017400
3 -0.468867 0.147533 0.321333
3 -0.001800 -0.005267 0.007067
1 0.000000 0.000000 0.000000
3 0.006067 -0.026467 0.020400
1 0.010000 -0.019467 0.009467
3 -0.221267 0.061400 0.159867
3 -0.007400 -0.016200 0.023600
3 -0.025200 -0.011267 0.036467
3 0.001667 -0.003533 0.001867
3 -0.027533 0.001533 0.026000
3 -0.158200 0.049133 0.109067
1 0.000867 -0.001533 0.000667
3 -0.007133 -0.003533 0.010667
3 -0.003267 -0.007067 0.010333
3 -0.003600 -0.005867 0.009467
3 -0.008933 -0.016533 0.025467
2 -0.003600 0.002200 0.001400
3 -0.184867 0.022600 0.162267
3 0.006067 -0.026467 0.020400
3 0.004200 -0.025333 0.021133
3 -0.921733 0.301000 0.620733
3 -0.000533 -0.000067 0.000600
3 -0.007133 -0.046133 0.053267
1 0.000000 0.000000 0.000000
3 -0.021800 -0.005733 0.027533
3 -0.001933 0.000267 0.001667
3 -0.021667 0.008333 0.013333
3 0.002133 -0.006000 0.003867
3 -0.004733 -0.000067 0.004800
3 -0.007333 -0.011867 0.019200
3 -0.601867 0.197067 0.404800
3 -0.160667 0.050667 0.110000
3 -0.045667 0.011400 0.034267
3 -0.002267 -0.001133 0.003400
3 -0.017667 0.001333 0.016333
3 0.006933 -0.027000 0.020067
3 0.000800 -0.018667 0.017867
3 -0.015733 0.003667 0.012067
3 0.007200 -0.035133 0.027933
3 -0.157333 0.048200 0.109133
3 -0.018867 0.002533 0.016333
3 -0.017267 -0.007800 0.025067
3 -0.023000 0.000400 0.022600
3 -0.007067 0.001333 0.005733
3 0.000667 -0.009067 0.008400
3 -0.003800 0.000867 0.002933
2 -0.013867 0.008933 0.004933
3 -0.013200 -0.031067 0.044267
3 -0.098067 0.026467 0.071600
3 -0.027800 -0.003600 0.031400
3 -0.006867 0.001467 0.005400
3 -0.029933 0.001333 0.028600
1 0.010400 -0.014933 0.004533
3 -0.008867 -0.000200 0.009067
3 -0.001400 -0.002000 0.003400
3 -0.001933 -0.003933 0.005867
3 -0.049267 0.013200 0.036067
1 0.000000 0.000000 0.000000
3 -0.011000 -0.003000 0.014000
3 -0.004133 -0.008533 0.012667
3 -0.016800 0.005933 0.010867
3 0.000467 -0.003133 0.002667
3 -0.048133 0.014200 0.033933
3 -0.079067 -0.012267 0.091333
1 0.011133 -0.013400 0.002267
2 -0.008000 0.006333 0.001667
3 -0.149133 0.047400 0.101733
1 0.004133 -0.006267 0.002133
3 -0.004467 0.001200 0.003267
3 -0.025867 -0.011200 0.037067
3 -0.011800 -0.045667 0.057467
3 -0.006800 -0.000533 0.007333
3 -0.055200 -0.008800 0.064000
3 -0.033267 -0.004200 0.037467
3 0.004933 -0.009933 0.005000
3 0.000000 -0.000333 0.000333
3 -0.025867 -0.011200 0.037067
3 -0.166400 0.048400 0.118000
3 -0.038333 0.007933 0.030400
3 -0.035933 -0.001467 0.037400
3 -0.022133 -0.005667 0.027800
3 0.004800 -0.028267 0.023467
3 -0.146200 0.039000 0.107200
3 -0.040933 0.007400 0.033533
1 0.000000 0.000000 0.000000
3 -0.034533 -0.023467 0.058000
3 -0.010533 -0.020800 0.031333
3 -0.021400 0.004667 0.016733
3 -0.050467 0.016400 0.034067
3 -0.007200 -0.008533 0.015733
3 0.001333 -0.011400 0.010067
3 -0.010333 -0.009267 0.019600
3 -0.024000 0.001200 0.022800
3 -0.151067 0.028400 0.122667
3 -0.054600 -0.013600 0.068200
3 -0.298267 0.090533 0.207733
3 -0.000933 -0.002000 0.002933
3 -0.008467 -0.001200 0.009667
3 -0.000133 -0.001000 0.001133
3 -0.037800 -0.012267 0.050067
3 -0.005067 -0.003000 0.008067
3 -0.028000 -0.029867 0.057867
3 -0.032667 -0.022600 0.055267
3 -0.000400 -0.000400 0.000800
3 0.000467 -0.020933 0.020467
3 -0.048533 -0.029733 0.078267
3 0.001067 -0.024600 0.023533
3 0.003800 -0.010133 0.006333
3 -0.073733 0.003933 0.069800
3 -0.038400 0.001200 0.037200
3 -0.001667 -0.008067 0.009733
3 0.002800 -0.022733 0.019933
3 -0.162267 0.053867 0.108400
3 -0.009467 0.000667 0.008800
2 -0.016067 0.010733 0.005333
3 -0.007133 -0.004667 0.011800
3 -0.017200 0.008333 0.008867
3 0.012000 -0.027467 0.015467
3 -0.025400 -0.011600 0.037000
3 0.002400 -0.010533 0.008133
3 -0.006733 -0.028133 0.034867
3 -0.002800 0.000800 0.002000
3 -0.044667 -0.000933 0.045600
3 -0.004467 0.001200 0.003267
3 -0.010667 -0.005533 0.016200
3 -0.058133 0.004200 0.053933
1 0.000000 0.000000 0.000000
3 -0.001933 -0.003867 0.005800
3 -0.175667 0.038000 0.137667
3 -0.002133 -0.002133 0.004267
3 0.005000 -0.038533 0.033533
3 -0.009333 0.002400 0.006933
3 -0.007733 -0.007200 0.014933
3 -0.016000 -0.008667 0.024667
3 -0.009733 -0.017200 0.026933
3 -0.342533 0.109533 0.233000
3 0.007267 -0.022333 0.015067
3 -0.015400 -0.003733 0.019133
3 0.000667 -0.003067 0.002400
3 0.006733 -0.014733 0.008000
1 0.006000 -0.009067 0.003067
3 -0.037933 -0.000600 0.038533
3 0.006067 -0.026467 0.020400
3 0.006333 -0.021067 0.014733
3 -0.162933 0.045267 0.117667
2 -0.001200 0.000800 0.000400
3 -0.058667 0.013067 0.045600
1 0.000467 -0.000467 0.000000
3 -0.078067 0.004600 0.073467
3 0.008733 -0.019200 0.010467
3 -0.010800 0.004000 0.006800
3 -0.003467 -0.009600 0.013067
3 0.001800 -0.011067 0.009267
3 -0.081800 -0.011400 0.093200
1 0.004600 -0.009133 0.004533
3 -0.028600 0.009267 0.019333
3 -0.021267 -0.032267 0.053533
3 -0.006000 0.001600 0.004400
3 -0.014067 -0.015600 0.029667
3 -0.016467 -0.007733 0.024200
3 -0.017467 -0.013733 0.031200
3 -0.007533 -0.006067 0.013600
3 0.003733 -0.016133 0.012400
3 -0.001200 -0.003733 0.004933
3 -0.007067 -0.006133 0.013200
3 -0.051867 -0.011733 0.063600
3 -0.009667 -0.030267 0.039933
3 -0.005400 -0.003933 0.009333
3 -0.041600 0.010667 0.030933
3 0.003733 -0.015467 0.011733
3 -0.006600 -0.008000 0.014600
3 -0.023467 0.007333 0.016133
3 -0.003600 0.000000 0.003600
3 -0.020600 -0.028867 0.049467
3 0.005000 -0.038533 0.033533
3 -0.009067 -0.003400 0.012467
3 -0.032933 -0.025733 0.058667
3 -0.026200 -0.011667 0.037867
3 -0.005800 -0.001400 0.007200
3 -0.030000 0.013133 0.016867
1 0.009733 -0.019067 0.009333
3 -0.004267 -0.015333 0.019600
3 -0.009600 -0.008333 0.017933
3 -0.039200 -0.017467 0.056667
3 -0.054067 -0.009800 0.063867
3 -0.036733 -0.001667 0.038400
3 0.000067 -0.000600 0.000533
3 -0.010533 -0.005667 0.016200
3 0.006200 -0.027000 0.020800
3 -0.029667 -0.026867 0.056533
3 -0.004667 0.000467 0.004200
1 0.000000 0.000000 0.000000
3 -0.029133 0.001200 0.027933
3 -0.000600 -0.000267 0.000867
3 -0.143667 0.040733 0.102933
3 -0.016933 0.005200 0.011733
3 -0.017800 -0.013400 0.031200
3 0.009867 -0.024133 0.014267
3 -0.007867 -0.022467 0.030333
3 -0.160867 0.048467 0.112400
3 -0.034667 0.015267 0.019400
3 -0.016333 -0.016067 0.032400
3 0.001800 -0.034467 0.032667
3 -0.009867 -0.022333 0.032200
3 -0.012400 0.001667 0.010733
3 -0.042533 -0.005333 0.047867
1 0.000000 0.000000 0.000000
3 -0.010800 -0.000933 0.011733
3 -0.024333 -0.019600 0.043933
3 -0.009600 -0.004800 0.014400
3 -0.036133 0.006067 0.030067
3 -0.009533 -0.002600 0.012133
3 -0.002333 -0.018800 0.021133
3 -0.012333 0.001933 0.010400
3 -0.001400 -0.004267 0.005667
3 -0.011267 -0.021533 0.032800
2 -0.006267 0.005067 0.001200
3 -0.170133 0.054333 0.115800
1 0.006000 -0.009067 0.003067
3 -0.038800 -0.011867 0.050667
3 -0.006400 -0.020267 0.026667
3 -0.006600 -0.014067 0.020667
3 -0.006667 -0.003000 0.009667
3 0.000800 -0.013933 0.013133
3 -0.047067 0.004800 0.042267
2 -0.000400 0.000333 0.000067
3 0.007133 -0.024533 0.017400
3 -0.153867 0.049400 0.104467
3 -0.040067 0.005200 0.034867
3 -0.040667 -0.019400 0.060067
1 0.000000 0.000000 0.000000
1 0.000000 0.000000 0.000000
3 0.000200 -0.001867 0.001667
3 -0.001933 -0.033067 0.035000
3 -0.017867 -0.023933 0.041800
3 -0.006000 -0.007267 0.013267
3 0.000933 -0.003200 0.002267
3 -0.011667 -0.004133 0.015800
3 -0.039067 -0.006667 0.045733
3 -0.007133 0.000200 0.006933
3 -0.151800 0.048933 0.102867
3 0.010533 -0.023467 0.012933
3 -0.004000 0.000933 0.003067
3 -0.307800 0.091733 0.216067
3 -0.014667 -0.006533 0.021200
3 -0.003667 -0.008000 0.011667
3 0.000000 -0.001533 0.001533
1 0.000667 -0.000867 0.000200
3 -0.012800 -0.006533 0.019333
3 -0.004400 -0.002133 0.006533
3 -0.010133 -0.049667 0.059800
3 -0.003267 -0.004000 0.007267
3 0.005867 -0.027533 0.021667
3 -0.009800 -0.004333 0.014133
3 -0.054200 -0.018000 0.072200
3 -0.157200 0.048400 0.108800
3 -0.059533 0.013467 0.046067
3 -0.001667 -0.005867 0.007533
3 0.006067 -0.026467 0.020400
3 -0.000067 -0.003000 0.003067
3 -0.002333 -0.037733 0.040067
3 0.006933 -0.016400 0.009467
3 -0.009867 -0.001733 0.011600
1 0.020333 -0.029867 0.009533
3 -0.062133 -0.021000 0.083133
3 -0.021333 0.006933 0.014400
3 0.005000 -0.036533 0.031533
3 -0.024333 -0.016267 0.040600
3 -0.001800 -0.000467 0.002267
3 0.006600 -0.024933 0.018333
3 -0.185933 0.057733 0.128200
3 -0.343600 0.105400 0.238200
2 -0.001267 0.000667 0.000600
3 -0.012533 0.000133 0.012400
3 -0.013133 -0.004933 0.018067
3 -0.008067 -0.009133 0.017200
3 -0.000533 -0.012333 0.012867
3 -0.016800 -0.014933 0.031733
3 -0.210867 0.024467 0.186400
3 -0.022200 0.004467 0.017733
3 -0.016800 0.005933 0.010867
3 -0.003667 -0.002533 0.006200
1 0.000000 0.000000 0.000000
3 -0.017267 -0.010067 0.027333
1 0.005933 -0.009333 0.003400
3 -0.003733 -0.000067 0.003800
3 -0.005667 -0.003600 0.009267
3 -0.016067 -0.016333 0.032400
3 -0.018333 0.000200 0.018133
3 -0.001067 0.000467 0.000600
2 -0.004200 0.002800 0.001400
3 -0.015000 -0.015667 0.030667
3 0.003467 -0.011200 0.007733
3 -0.002400 -0.030067 0.032467
3 -0.003800 -0.004600 0.008400
3 -0.001133 -0.002267 0.003400
3 -0.093933 0.017800 0.076133
3 -0.031400 -0.021733 0.053133
3 -0.031467 0.003467 0.028000
3 -0.022933 0.000933 0.022000
3 -0.002533 -0.007533 0.010067
2 -0.004067 0.002333 0.001733
2 -0.003733 0.001867 0.001867
3 0.004467 -0.010867 0.006400
3 -0.026200 0.006067 0.020133
3 -0.042800 -0.021267 0.064067
3 -0.159333 0.048333 0.111000
3 -0.022533 -0.002333 0.024867
3 -0.024133 0.008067 0.016067
3 -0.044867 0.013933 0.030933
3 -0.031533 0.013867 0.017667
3 -0.151867 0.050533 0.101333
2 -0.004400 0.002667 0.001733
3 -0.003133 0.000733 0.002400
3 -0.011867 0.005667 0.006200
3 -0.156867 0.052867 0.104000
3 -0.177067 0.059533 0.117533
3 -0.056733 0.019000 0.037733
3 -0.024800 0.004467 0.020333
2 -0.021267 0.010733 0.010533
2 -0.001667 0.000933 0.000733
3 -0.056533 0.014600 0.041933
3 -0.189533 0.062267 0.127267
2 -0.005067 0.002600 0.002467
2 -0.010333 0.006000 0.004333
3 -0.036000 0.000267 0.035733
3 -0.258800 0.075267 0.183533
3 -0.185533 0.061400 0.124133
2 -0.002933 0.002000 0.000933
3 -0.062200 0.024067 0.038133
2 -0.003667 0.002267 0.001400
3 -0.065067 0.017000 0.048067
3 -0.037133 0.013733 0.023400
3 -0.151467 0.048667 0.102800
3 -0.020067 0.006867 0.013200
3 -0.033533 0.013067 0.020467
3 -0.027267 0.004133 0.023133
3 -0.061800 0.004333 0.057467
3 -0.019467 0.008467 0.011000
3 -0.001333 0.000600 0.000733
3 -0.053733 0.010133 0.043600
3 -0.010467 -0.013800 0.024267
3 -0.002067 -0.000133 0.002200
2 -0.011600 0.007267 0.004333
3 -0.465933 0.151200 0.314733
3 -0.012800 -0.004267 0.017067
3 -0.076267 0.020600 0.055667
2 -0.008533 0.005133 0.003400
3 -0.008267 0.003800 0.004467
3 -0.031000 0.013333 0.017667
3 -0.000533 0.000133 0.000400
3 -0.067333 0.004200 0.063133
3 -0.168200 0.060867 0.107333
3 -0.150467 0.048600 0.101867
3 -0.002600 0.000800 0.001800
3 -0.221000 0.054933 0.166067
3 -0.012333 0.003800 0.008533
3 -0.045933 0.009733 0.036200
3 -0.031000 0.010933 0.020067
3 -0.007533 0.003533 0.004000
3 -0.033600 -0.008200 0.041800
3 -0.179133 0.052267 0.126867
3 0.000533 -0.001133 0.000600
2 -0.003867 0.002667 0.001200
3 -0.176267 0.055400 0.120867
3 -0.010400 0.004000 0.006400
3 -0.166333 0.050000 0.116333
3 -0.004667 0.002200 0.002467
3 -0.046000 0.011400 0.034600
3 -0.082667 0.024467 0.058200
3 -0.002867 0.000800 0.002067
3 -0.000733 -0.000533 0.001267
3 -0.013933 -0.000933 0.014867
2 -0.000600 0.000600 0.000000
3 -0.027067 0.008267 0.018800
3 -0.052200 0.017267 0.034933
2 -0.008000 0.006333 0.001667
3 -0.082533 0.032733 0.049800
3 -0.153400 0.051667 0.101733
3 -0.020867 0.005200 0.015667
3 -0.034133 0.013200 0.020933
2 -0.001333 0.001133 0.000200
3 -0.154933 0.048467 0.106467
3 -0.074000 0.015667 0.058333
3 -0.014800 0.002400 0.012400
3 -0.162333 0.057800 0.104533
3 -0.000667 -0.000067 0.000733
3 -0.011200 0.000133 0.011067
2 -0.010867 0.008400 0.002467
1 0.000200 -0.000333 0.000133
3 -0.153800 0.050400 0.103400
3 -0.014000 0.000733 0.013267
3 -0.005600 0.001333 0.004267
3 -0.078733 0.038933 0.039800
1 0.000000 0.000000 0.000000
2 -0.026000 0.013800 0.012200
2 -0.009800 0.005000 0.004800
3 -0.319933 0.099667 0.220267
3 -0.002533 0.001000 0.001533
3 -0.000867 -0.000067 0.000933
2 -0.013533 0.008133 0.005400
3 -0.047333 0.017733 0.029600
3 -0.003467 0.001667 0.001800
3 -0.188200 0.067067 0.121133
3 -0.187867 0.055667 0.132200
3 -0.019600 0.005400 0.014200
3 -0.003067 0.001267 0.001800
3 -0.161533 0.057000 0.104533
3 -0.177067 0.053600 0.123467
3 -0.009467 0.003867 0.005600
3 -0.018667 0.007000 0.011667
3 -0.016800 0.005933 0.010867
3 -0.008000 -0.001533 0.009533
3 -0.606067 0.198800 0.407267
3 -0.189000 0.057800 0.131200
3 -0.004867 0.001933 0.002933
3 -0.008200 -0.013867 0.022067
3 -0.029533 0.008467 0.021067
2 -0.006200 0.004133 0.002067
3 -0.150467 0.049267 0.101200
3 -0.030333 0.011933 0.018400
3 -0.006067 0.001800 0.004267
3 -0.177533 0.055333 0.122200
3 -0.004133 -0.002667 0.006800
3 -0.006267 0.002533 0.003733
3 -0.042867 0.012133 0.030733
3 -0.027733 -0.012267 0.040000
3 -0.150667 0.049333 0.101333
3 -0.009600 -0.000133 0.009733
3 -0.309267 0.099333 0.209933
3 -0.008333 0.001933 0.006400
2 -0.023000 0.015467 0.007533
3 -0.023667 0.009733 0.013933
3 -0.012600 -0.012067 0.024667
3 -0.189333 0.057733 0.131600
3 -0.006267 -0.014067 0.020333
3 -0.027933 0.011400 0.016533
3 -0.012200 0.003333 0.008867
3 -0.157267 0.052667 0.104600
2 -0.013333 0.007133 0.006200
2 -0.118400 0.109867 0.008533
3 -0.205333 0.066600 0.138733
3 -0.047533 0.012200 0.035333
3 -0.005667 0.001600 0.004067
3 -0.042133 0.010867 0.031267
3 -0.185600 0.062867 0.122733
3 -0.039600 0.013467 0.026133
3 -0.040400 0.000800 0.039600
3 -0.017000 0.001467 0.015533
3 -0.009600 0.004600 0.005000
2 -0.001133 0.000867 0.000267
3 -0.013533 0.005333 0.008200
3 -0.199400 0.066000 0.133400
3 -0.327667 0.104067 0.223600
3 -0.022133 0.004000 0.018133
3 -0.014333 -0.001000 0.015333
3 -0.009400 -0.000600 0.010000
2 -0.009333 0.005733 0.003600
3 -0.329467 0.106733 0.222733
1 0.000000 0.000000 0.000000
2 -0.008533 0.005800 0.002733
3 -0.016800 0.005933 0.010867
2 -0.012200 0.008133 0.004067
3 -0.002000 0.000933 0.001067
3 -0.062333 0.014333 0.048000
3 -0.104067 0.033733 0.070333
3 -0.048933 0.014667 0.034267
3 -0.004733 0.001600 0.003133
3 -0.017867 0.006733 0.011133
2 -0.001467 0.001133 0.000333
3 -0.001333 0.000533 0.000800
3 -0.182600 0.056800 0.125800
3 -0.307067 0.101333 0.205733
3 -0.168467 0.046733 0.121733
3 -0.042000 0.016400 0.025600
3 -0.911267 0.297400 0.613867
3 -0.141933 0.007200 0.134733
3 -0.013333 0.002533 0.010800
3 -0.008800 0.002533 0.006267
3 -0.150867 0.049467 0.101400
2 -0.009400 0.007733 0.001667
3 -0.004133 -0.001467 0.005600
3 -0.029200 0.002200 0.027000
3 -0.000600 -0.000533 0.001133
3 -0.181467 0.059400 0.122067
3 -0.067067 0.014800 0.052267
3 -0.459067 0.142400 0.316667
3 -0.047000 0.016800 0.030200
2 -0.012800 0.010467 0.002333
2 -0.016667 0.009800 0.006867
3 -0.171000 0.056867 0.114133
3 -0.169933 0.064867 0.105067
2 -0.003867 0.003533 0.000333
3 -0.011200 -0.000733 0.011933
3 -0.072667 0.019800 0.052867
1 0.006267 -0.010267 0.004000
3 -0.047000 0.016800 0.030200
3 -0.003400 0.001267 0.002133
3 -0.006200 0.001667 0.004533
3 -0.019000 0.005733 0.013267
3 -0.163133 0.053267 0.109867
3 -0.004467 0.000800 0.003667
3 -0.013667 -0.004533 0.018200
3 -0.007333 0.002600 0.004733
3 -0.154533 0.047400 0.107133
3 -0.006400 -0.006200 0.012600
1 0.000000 0.000000 0.000000
3 -0.018733 0.005800 0.012933
3 -0.015400 -0.001933 0.017333
3 -0.062400 0.021467 0.040933
3 -0.025133 0.008333 0.016800
3 -0.035200 -0.004533 0.039733
3 -0.010933 -0.002467 0.013400
2 -0.008467 0.005067 0.003400
3 -0.064400 0.028933 0.035467
3 -0.040000 0.005533 0.034467
3 -0.032067 -0.009333 0.041400
3 -0.036600 -0.005533 0.042133
3 -0.019800 0.001467 0.018333
3 -0.053933 0.015133 0.038800
3 -0.010933 0.001600 0.009333
3 -0.047267 0.010600 0.036667
3 -0.056733 0.026933 0.029800
3 -0.008933 0.001867 0.007067
3 -0.039400 0.013533 0.025867
3 -0.007400 -0.002267 0.009667
3 -0.009467 0.004533 0.004933
3 -0.014333 0.000267 0.014067
3 -0.025200 0.009267 0.015933
3 -0.006267 -0.001400 0.007667
3 -0.010133 0.003667 0.006467
2 -0.015533 0.009400 0.006133
3 -0.095000 0.032467 0.062533
3 -0.025000 0.004333 0.020667
2 -0.028133 0.014333 0.013800
3 -0.001267 -0.009133 0.010400
3 -0.026467 0.009800 0.016667
3 -0.171600 0.062400 0.109200
3 -0.005400 0.001467 0.003933
3 -0.011733 -0.012600 0.024333
3 -0.012000 -0.004667 0.016667
3 -0.015533 -0.003533 0.019067
3 -0.163800 0.049533 0.114267
3 -0.028467 0.011000 0.017467
2 -0.010800 0.007067 0.003733
3 -0.012267 0.002600 0.009667
3 -0.000467 -0.000200 0.000667
2 -0.005733 0.003733 0.002000
3 -0.151000 0.049333 0.101667
3 -0.006867 0.003200 0.003667
3 -0.039667 0.014200 0.025467
3 0.002867 -0.021267 0.018400
3 -0.042533 0.018867 0.023667
3 -0.006067 0.000467 0.005600
3 -0.065733 0.016133 0.049600
2 -0.007333 0.006000 0.001333
2 -0.013400 0.008133 0.005267
3 -0.013200 0.003533 0.009667
2 -0.026267 0.013733 0.012533
3 -0.012467 -0.019133 0.031600
3 -0.036400 -0.007867 0.044267
1 0.000000 0.000000 0.000000
3 -0.007933 -0.001000 0.008933
3 0.007200 -0.020867 0.013667
3 -0.037800 0.008467 0.029333
2 -0.002467 0.001800 0.000667
2 -0.002133 0.001933 0.000200
3 -0.008133 0.001600 0.006533
3 -0.006133 -0.002067 0.008200
3 -0.009000 -0.003733 0.012733
3 -0.158933 0.048400 0.110533
3 -0.166800 0.057267 0.109533
3 -0.207800 0.071400 0.136400
3 -0.000933 -0.003600 0.004533
3 -0.009600 -0.007800 0.017400
3 -0.309400 0.097667 0.211733
3 -0.045733 0.022867 0.022867
3 -0.031133 0.001267 0.029867
3 -0.001333 0.000533 0.000800
3 -0.024333 0.012067 0.012267
3 -0.296667 0.088267 0.208400
3 -0.009867 0.001133 0.008733
3 -0.021333 0.006800 0.014533
2 -0.005067 0.002867 0.002200
3 -0.019400 0.005533 0.013867
3 -0.156067 0.052867 0.103200
2 -0.010467 0.007600 0.002867
3 -0.454067 0.146867 0.307200
3 -0.002200 0.000800 0.001400
3 -0.040933 0.009333 0.031600
3 -0.008133 0.002333 0.005800
3 -0.162800 0.050667 0.112133
3 -0.016333 -0.005400 0.021733
3 -0.115533 0.040933 0.074600
2 -0.013533 0.009067 0.004467
3 -0.000133 0.000000 0.000133
3 -0.013000 0.005133 0.007867
3 -0.037800 -0.000400 0.038200
3 -0.150733 0.049267 0.101467
3 -0.037933 0.013067 0.024867
3 -0.058733 0.026067 0.032667
3 -0.008533 0.002067 0.006467
3 -0.001533 0.000667 0.000867
3 -0.157400 0.046000 0.111400
3 -0.037000 0.007200 0.029800
2 -0.015467 0.010133 0.005333
2 -0.026000 0.013800 0.012200
3 -0.309533 0.093067 0.216467
3 -0.045000 0.013400 0.031600
3 -0.180267 0.036000 0.144267
3 -0.014467 0.001200 0.013267
3 -0.003867 0.001867 0.002000
3 -0.040400 0.012333 0.028067
3 -0.059000 0.018800 0.040200
3 -0.028200 0.008600 0.019600
3 -0.038933 0.000800 0.038133
3 -0.000067 -0.000800 0.000867
3 -0.052267 0.016667 0.035600
3 -0.002333 0.000867 0.001467
3 -0.009667 -0.025133 0.034800
3 -0.194800 0.035133 0.159667
3 -0.028133 0.003000 0.025133
3 -0.005933 0.002600 0.003333
3 -0.048333 0.024067 0.024267
3 -0.017533 0.008267 0.009267
3 -0.023600 0.006933 0.016667
3 -0.020333 0.006867 0.013467
2 -0.034333 0.020667 0.013667
3 -0.024133 -0.004467 0.028600
3 -0.030400 0.007533 0.022867
3 -0.234067 0.077133 0.156933
3 -0.005533 0.000667 0.004867
3 -0.011800 0.005600 0.006200
3 -0.002200 0.000867 0.001333
2 -0.000733 0.000400 0.000333
3 -0.011333 0.003000 0.008333
3 -0.060733 0.016267 0.044467
3 -0.035133 0.008933 0.026200
3 -0.088667 0.031467 0.057200
3 -0.048000 0.020600 0.027400
3 -0.021200 0.005933 0.015267
3 -0.032533 0.012600 0.019933
3 -0.013133 0.002733 0.010400
3 -0.300933 0.098533 0.202400
3 -0.171200 0.052400 0.118800
3 -0.001867 -0.001267 0.003133
3 -0.087200 0.024467 0.062733
2 -0.016600 0.010533 0.006067
3 -0.202067 0.062067 0.140000
3 -0.019133 0.004333 0.014800
3 -0.001000 0.000467 0.000533
3 -0.010000 0.003467 0.006533
3 -0.003867 0.001467 0.002400
3 -0.167267 0.048333 0.118933
3 0.000000 -0.000667 0.000667
3 -0.009467 -0.001067 0.010533
3 -0.155267 0.053133 0.102133
3 -0.008000 0.000600 0.007400
3 -0.045133 0.015533 0.029600
3 -0.154533 0.051600 0.102933
3 -0.191800 0.065067 0.126733
3 -0.026667 0.006533 0.020133
2 -0.001133 0.000933 0.000200
3 -0.012733 0.004600 0.008133
3 -0.334200 0.109067 0.225133
3 -0.025733 -0.011933 0.037667
3 -0.004533 0.001667 0.002867
3 -0.028467 0.009133 0.019333
2 -0.000267 0.000267 0.000000
3 -0.003200 -0.004467 0.007667
3 -0.034733 0.005200 0.029533
3 -0.023733 0.002867 0.020867
3 -0.058333 0.016000 0.042333
3 -0.005067 0.001467 0.003600
3 -0.034733 0.005200 0.029533
3 -0.002200 0.001000 0.001200
1 0.000000 0.000000 0.000000
3 -0.025933 0.002867 0.023067
3 -0.001400 -0.000133 0.001533
3 -0.160533 0.048933 0.111600
3 -0.153933 0.051267 0.102667
3 -0.042933 0.012133 0.030800
3 -0.009267 -0.001400 0.010667
3 -0.034933 0.005200 0.029733
3 -0.008200 0.003933 0.004267
3 -0.061800 0.000800 0.061000
3 -0.339400 0.106800 0.232600
3 -0.186200 0.052600 0.133600
3 -0.029133 0.005467 0.023667
3 -0.017600 -0.008933 0.026533
3 -0.525867 0.172200 0.353667
3 -0.031000 0.007400 0.023600
3 -0.027600 0.013333 0.014267
3 -0.150467 0.049267 0.101200
2 -0.030333 0.015600 0.014733
3 -0.027333 0.008467 0.018867
3 -0.014733 -0.000467 0.015200
3 -0.154133 0.045133 0.109000
3 -0.159933 0.048333 0.111600
3 -0.004600 -0.014933 0.019533
3 -0.300667 0.098200 0.202467
3 -0.001333 -0.000333 0.001667
3 -0.034400 0.013200 0.021200
3 -0.009733 0.004000 0.005733
2 -0.012333 0.009200 0.003133
3 -0.150467 0.047733 0.102733
1 0.000000 0.000000 0.000000
3 -0.159467 0.050267 0.109200
3 -0.173133 0.057800 0.115333
3 -0.002600 0.000933 0.001667
3 -0.003733 0.001733 0.002000
2 -0.010200 0.008067 0.002133
3 -0.024400 -0.019867 0.044267
3 -0.155267 0.044667 0.110600
3 0.004533 -0.016267 0.011733
3 -0.202067 0.058800 0.143267
2 -0.022267 0.014067 0.008200
3 -0.021000 -0.008800 0.029800
3 -0.029933 -0.013333 0.043267
2 -0.013000 0.007333 0.005667
3 -0.025667 -0.000133 0.025800
3 -0.217133 0.073000 0.144133
3 -0.298333 0.090733 0.207600
3 -0.159067 0.048133 0.110933
3 -0.002067 0.000333 0.001733
3 -0.005133 0.001867 0.003267
3 -0.013333 0.000533 0.012800
3 -0.001733 -0.000200 0.001933
3 -0.211000 0.063667 0.147333
3 -0.015533 0.007400 0.008133
3 -0.001000 -0.002600 0.003600
3 -0.191600 0.058067 0.133533
3 -0.003533 0.000600 0.002933
3 -0.021800 -0.007133 0.028933
3 -0.028867 0.003733 0.025133
3 -0.154200 0.050733 0.103467
3 -0.554400 0.175667 0.378733
3 -0.012733 0.003467 0.009267
3 -0.005667 -0.002600 0.008267
3 -0.309200 0.102867 0.206333
3 -0.006600 0.000000 0.006600
3 -0.058467 0.017067 0.041400
3 -0.036733 0.010667 0.026067
3 -0.171867 0.058400 0.113467
3 -0.008667 0.003667 0.005000
3 -0.151333 0.049600 0.101733
3 -0.175800 0.060333 0.115467
3 -0.006733 0.001133 0.005600
3 -0.079667 0.017533 0.062133
3 -0.162800 0.057533 0.105267
3 -0.036600 0.006333 0.030267
3 -0.221133 0.073333 0.147800
3 -0.035333 0.006800 0.028533
3 -0.212000 0.069000 0.143000
3 -0.007600 -0.000267 0.007867
3 -0.004067 0.000800 0.003267
3 -0.001133 -0.000000 0.001133
3 -0.000667 0.000267 0.000400
3 -0.013133 -0.005067 0.018200
3 -0.111467 0.040333 0.071133
3 -0.093400 0.019600 0.073800
3 -0.006133 -0.015267 0.021400
3 -0.013467 0.005600 0.007867
3 -0.035667 0.012667 0.023000
3 -0.192533 0.064067 0.128467
3 -0.001267 -0.012200 0.013467
3 -0.188933 0.054333 0.134600
3 -0.204467 0.068867 0.135600
3 -0.004200 -0.005267 0.009467
3 -0.031933 0.012733 0.019200
1 0.000000 0.000000 0.000000
3 -0.090933 0.021600 0.069333
2 -0.028067 0.021600 0.006467
3 -0.165600 0.039600 0.126000
3 -0.019667 0.007867 0.011800
3 -0.150467 0.049267 0.101200
3 -0.013000 -0.000133 0.013133
3 -0.002067 -0.001600 0.003667
2 -0.005600 0.003200 0.002400
3 -0.197733 0.073133 0.124600
3 -0.000800 -0.013600 0.014400
3 -0.011200 0.000600 0.010600
3 -0.010800 0.002533 0.008267
3 -0.218267 0.055800 0.162467
3 -0.009333 0.001933 0.007400
3 -0.151000 0.049667 0.101333
3 0.000933 -0.002067 0.001133
2 -0.006667 0.005267 0.001400
2 -0.018200 0.009933 0.008267
3 -0.003200 -0.004467 0.007667
3 -0.001933 -0.000067 0.002000
3 -0.302933 0.099267 0.203667
3 -0.039667 -0.000600 0.040267
3 -0.003800 0.001600 0.002200
3 -0.022867 -0.012800 0.035667
3 -0.051200 0.004800 0.046400
3 -0.169667 0.054600 0.115067
3 -0.218333 0.055867 0.162467
3 -0.221133 0.073333 0.147800
3 -0.033400 0.013133 0.020267
3 -0.154800 0.051067 0.103733
3 -0.153600 0.050867 0.102733
2 -0.021867 0.017400 0.004467
3 -0.158200 0.052067 0.106133
3 -0.314067 0.106400 0.207667
3 -0.033467 0.009467 0.024000
3 -0.001933 -0.002000 0.003933
3 0.003400 -0.019200 0.015800
2 -0.000733 0.000667 0.000067
3 -0.009667 -0.002200 0.011867
3 -0.033800 0.013600 0.020200
2 -0.014000 0.011333 0.002667
3 -0.009800 -0.002667 0.012467
3 -0.013533 -0.001400 0.014933
3 -0.324200 0.104533 0.219667
2 -0.015933 0.009200 0.006733
3 0.001667 -0.009133 0.007467
3 0.005600 -0.012467 0.006867
1 0.000000 0.000000 0.000000
3 -0.043800 0.011200 0.032600
3 -0.003533 0.000467 0.003067
3 -0.037000 0.013067 0.023933
2 -0.002667 0.002400 0.000267
3 -0.025400 0.008267 0.017133
3 -0.002333 -0.005000 0.007333
3 -0.016867 -0.002800 0.019667
3 -0.062333 0.028333 0.034000
3 -0.002867 -0.000333 0.003200
3 -0.030133 0.009200 0.020933
2 -0.014600 0.011333 0.003267
3 -0.001133 0.000467 0.000667
3 -0.000533 -0.001533 0.002067
3 -0.178800 0.057200 0.121600
2 -0.001800 0.000933 0.000867
3 -0.034000 0.006400 0.027600
3 0.001133 -0.005667 0.004533
3 -0.004933 0.000667 0.004267
3 -0.009333 -0.001267 0.010600
3 -0.030333 -0.017267 0.047600
3 -0.151467 0.049667 0.101800
3 -0.025333 0.009667 0.015667
2 -0.012800 0.009533 0.003267
3 -0.168733 0.058933 0.109800
3 -0.055133 0.018067 0.037067
3 -0.214200 0.070467 0.143733
3 -0.023067 0.002133 0.020933
3 -0.001267 0.000333 0.000933
3 -0.061933 -0.011533 0.073467
3 -0.059067 0.007400 0.051667
3 -0.071400 0.016533 0.054867
3 -0.155133 0.051133 0.104000
3 -0.004467 0.002000 0.002467
3 -0.302933 0.099867 0.203067
3 -0.042267 0.012200 0.030067
3 -0.002600 -0.002800 0.005400
3 -0.157800 0.053933 0.103867
3 -0.060600 0.028600 0.032000
3 -0.008133 0.002867 0.005267
3 -0.025600 0.001533 0.024067
3 -0.001133 0.000000 0.001133
2 -0.000400 0.000267 0.000133
3 -0.012467 -0.004733 0.017200
3 -0.029067 -0.013600 0.042667
3 -0.160800 0.054067 0.106733
3 -0.224800 0.072933 0.151867
3 -0.018600 0.006133 0.012467
3 -0.041067 0.015067 0.026000
3 -0.089333 0.031200 0.058133
3 -0.164933 0.057600 0.107333
1 0.005400 -0.008933 0.003533
3 -0.184400 0.046867 0.137533
3 -0.081800 -0.007800 0.089600
3 -0.023933 0.004133 0.019800
3 -0.021000 0.007867 0.013133
3 -0.065600 0.018933 0.046667
3 -0.039933 0.007333 0.032600
3 -0.027133 0.009933 0.017200
3 -0.158400 0.049667 0.108733
3 -0.033067 0.005200 0.027867
3 -0.011133 0.004933 0.006200
2 -0.007400 0.005133 0.002267
2 -0.029333 0.014800 0.014533
3 -0.002333 -0.005000 0.007333
3 -0.011467 0.001200 0.010267
3 -0.092667 0.024333 0.068333
3 -0.017533 -0.010200 0.027733
3 -0.009267 -0.001200 0.010467
3 -0.151800 0.049133 0.102667
3 -0.006733 0.001133 0.005600
2 -0.023733 0.013667 0.010067
3 -0.003733 -0.010133 0.013867
2 -0.003933 0.002133 0.001800
3 -0.000800 -0.000067 0.000867
3 -0.017933 -0.004733 0.022667
3 -0.003133 -0.000467 0.003600
2 -0.004133 0.002933 0.001200
3 -0.013200 -0.013400 0.026600
3 -0.028800 0.008800 0.020000
3 -0.213400 0.076667 0.136733
2 -0.001200 0.000867 0.000333
3 -0.180467 0.054000 0.126467
3 -0.150467 0.049267 0.101200
3 -0.005933 -0.002133 0.008067
3 -0.155267 0.037267 0.118000
3 -0.006067 -0.003200 0.009267
2 -0.001667 0.000933 0.000733
3 0.001867 -0.005133 0.003267
3 -0.016733 -0.036400 0.053133
3 -0.031733 0.011467 0.020267
3 -0.008800 -0.000933 0.009733
3 -0.010000 -0.000267 0.010267
2 -0.006600 0.003533 0.003067
3 -0.162133 0.054333 0.107800
3 -0.033800 0.011067 0.022733
3 -0.014000 -0.001733 0.015733
3 -0.003867 0.001600 0.002267
2 -0.003400 0.002200 0.001200
3 -0.000400 -0.004000 0.004400
3 -0.152267 0.049333 0.102933
3 -0.011533 -0.001667 0.013200
3 -0.034467 -0.005000 0.039467
3 -0.024333 0.005400 0.018933
3 -0.011667 0.001533 0.010133
3 -0.034667 0.013200 0.021467
3 -0.152133 0.042667 0.109467
3 -0.013333 0.002133 0.011200
2 -0.002533 0.001733 0.000800
3 -0.035400 0.015933 0.019467
3 -0.013333 0.002133 0.011200
1 0.000000 0.000000 0.000000
3 -0.028400 0.003933 0.024467
3 0.003000 -0.009333 0.006333
3 -0.002067 -0.005667 0.007733
3 -0.004000 -0.009133 0.013133
3 -0.303267 0.099667 0.203600
3 -0.005600 0.002667 0.002933
2 -0.015933 0.008200 0.007733
3 -0.025067 0.007800 0.017267
3 -0.328467 0.110667 0.217800
3 -0.000000 -0.014867 0.014867
3 -0.009333 -0.011667 0.021000
3 -0.016067 -0.008267 0.024333
3 -0.163467 0.058333 0.105133
3 -0.009267 0.004267 0.005000
3 -0.007467 0.002533 0.004933
3 -0.175267 0.061533 0.113733
3 -0.036933 0.013533 0.023400
3 -0.164533 0.054733 0.109800
2 -0.007533 0.005200 0.002333
3 -0.153733 0.050467 0.103267
3 -0.007733 0.001133 0.006600
3 -0.086200 0.014733 0.071467
2 -0.008800 0.005267 0.003533
3 -0.048333 0.013333 0.035000
3 -0.222467 0.069800 0.152667
3 -0.000267 -0.001800 0.002067
3 -0.025133 0.005667 0.019467
2 -0.014067 0.008200 0.005867
3 -0.047400 0.010000 0.037400
3 -0.002400 -0.003400 0.005800
3 -0.061467 -0.002067 0.063533
3 -0.003267 0.000200 0.003067
3 -0.169133 0.037667 0.131467
3 -0.013667 0.006000 0.007667
3 -0.009200 -0.000267 0.009467
3 -0.167867 0.050000 0.117867
3 -0.011267 -0.011800 0.023067
3 -0.010467 0.003000 0.007467
3 -0.004200 -0.003533 0.007733
3 -0.038133 0.008667 0.029467
3 -0.335533 0.110533 0.225000
3 -0.005133 0.002133 0.003000
3 0.000400 -0.002933 0.002533
3 -0.028200 0.011267 0.016933
3 -0.010467 0.004467 0.006000
3 -0.151200 0.048733 0.102467
3 -0.069733 0.008133 0.061600
3 -0.086000 0.028667 0.057333
3 -0.007600 0.000800 0.006800
2 -0.006933 0.003467 0.003467
3 -0.177200 0.054600 0.122600
3 -0.010067 0.003933 0.006133
3 -0.010067 0.001400 0.008667
3 -0.037867 0.017800 0.020067
3 -0.068000 0.019867 0.048133
3 -0.056467 0.020467 0.036000
3 -0.010200 0.003600 0.006600
3 -0.151000 0.049533 0.101467
2 -0.013200 0.008933 0.004267
3 -0.058067 0.014133 0.043933
3 -0.035733 0.009800 0.025933
3 -0.014800 0.001800 0.013000
3 -0.012933 -0.003667 0.016600
3 -0.097267 0.005667 0.091600
3 -0.078467 0.032333 0.046133
3 -0.151800 0.049133 0.102667
2 -0.004600 0.003733 0.000867
3 -0.005467 -0.014067 0.019533
3 -0.003467 0.000533 0.002933
3 -0.002733 -0.000933 0.003667
3 -0.022467 0.010000 0.012467
2 -0.011400 0.007933 0.003467
3 -0.017267 -0.013333 0.030600
3 -0.002867 0.001333 0.001533
2 -0.009600 0.007533 0.002067
2 -0.022133 0.015600 0.006533
2 -0.009067 0.008200 0.000867
2 -0.011200 0.006400 0.004800
2 -0.001533 0.001000 0.000533
3 -0.306933 0.097733 0.209200
3 -0.153333 0.051400 0.101933
3 -0.019067 0.006200 0.012867
3 -0.020800 -0.010867 0.031667
2 -0.007867 0.006533 0.001333
2 -0.009467 0.006467 0.003000
3 -0.063200 0.017200 0.046000
3 -0.011800 0.003733 0.008067
3 -0.010733 -0.001733 0.012467
1 0.000000 0.000000 0.000000
2 -0.010933 0.009667 0.001267
3 -0.156400 0.052133 0.104267
3 -0.159467 0.057600 0.101867
3 -0.007333 -0.011867 0.019200
2 -0.022267 0.011200 0.011067
3 -0.158667 0.046667 0.112000
3 -0.037400 0.014733 0.022667
3 -0.159533 0.053600 0.105933
3 -0.016533 0.004800 0.011733
3 -0.015867 -0.013600 0.029467
3 -0.002733 0.001133 0.001600
3 -0.152467 0.050000 0.102467
3 -0.457800 0.151133 0.306667
3 -0.353200 0.109200 0.244000
3 -0.015867 0.005733 0.010133
3 -0.019867 -0.020267 0.040133
3 -0.034800 0.017133 0.017667
3 -0.001133 -0.000200 0.001333
3 -0.035867 0.014200 0.021667
3 -0.154333 0.050333 0.104000
3 -0.019800 0.008267 0.011533
3 -0.000467 0.000000 0.000467
3 -0.003933 -0.000267 0.004200
3 -0.027000 0.001333 0.025667
3 -0.152200 0.048800 0.103400
3 -0.308467 0.096467 0.212000
3 -0.177800 0.041200 0.136600
3 -0.003667 -0.001267 0.004933
3 -0.154733 0.050933 0.103800
2 -0.007867 0.006133 0.001733
3 -0.325800 0.110200 0.215600
3 -0.186733 0.063600 0.123133
3 -0.010733 -0.016933 0.027667
3 -0.013867 0.005333 0.008533
3 -0.012067 0.003600 0.008467
3 -0.156867 0.053133 0.103733
3 -0.010733 -0.003267 0.014000
3 -0.023267 -0.005600 0.028867
3 -0.340000 0.101000 0.239000
3 -0.162867 0.050467 0.112400
3 -0.151200 0.049733 0.101467
3 -0.017333 -0.003467 0.020800
3 -0.006267 0.003000 0.003267
3 -0.157800 0.048333 0.109467
3 -0.002933 -0.014667 0.017600
3 -0.055333 0.016467 0.038867
3 -0.154333 0.051867 0.102467
3 -0.011000 -0.002867 0.013867
3 -0.151733 0.049067 0.102667
3 -0.161600 0.058867 0.102733
3 -0.024867 0.004667 0.020200
3 -0.037600 0.004800 0.032800
3 -0.158067 0.052867 0.105200
3 -0.003667 0.001200 0.002467
3 -0.155533 0.053200 0.102333
3 -0.154400 0.050267 0.104133
2 -0.012400 0.008200 0.004200
2 -0.012467 0.008267 0.004200
3 -0.020533 0.008200 0.012333
1 0.000000 0.000000 0.000000
2 -0.009867 0.008133 0.001733
3 -0.014333 0.002667 0.011667
3 -0.029867 0.009400 0.020467
3 -0.184933 0.043333 0.141600
3 -0.007133 -0.008133 0.015267
3 -0.165533 0.053933 0.111600
3 -0.002133 -0.003067 0.005200
3 -0.034533 0.009600 0.024933
3 0.001667 -0.011333 0.009667
3 -0.155000 0.050800 0.104200
3 -0.170467 0.052000 0.118467
3 -0.301067 0.098667 0.202400
3 -0.036000 0.015867 0.020133
3 -0.056600 -0.024200 0.080800
3 -0.059800 0.011133 0.048667
3 -0.026867 -0.013933 0.040800
3 -0.001867 -0.005000 0.006867
3 -0.305467 0.100067 0.205400
3 -0.008067 0.003133 0.004933
3 -0.035467 0.014400 0.021067
3 0.000000 -0.000067 0.000067
3 -0.017467 0.008000 0.009467
3 -0.021333 0.008800 0.012533
3 -0.204600 0.066933 0.137667
2 -0.000667 0.000400 0.000267
3 -0.022067 0.009800 0.012267
2 -0.017533 0.009600 0.007933
3 -0.192533 0.059333 0.133200
3 -0.008800 0.004000 0.004800
2 -0.025400 0.017933 0.007467
2 -0.002333 0.001667 0.000667
3 -0.016867 -0.001800 0.018667
3 -0.031600 0.014933 0.016667
2 -0.010800 0.006200 0.004600
2 -0.024133 0.015000 0.009133
3 -0.169267 0.057867 0.111400
2 -0.028667 0.015067 0.013600
3 -0.004533 -0.000267 0.004800
3 -0.465600 0.155200 0.310400
3 -0.031867 0.006533 0.025333
3 -0.303800 0.099533 0.204267
3 -0.070267 0.029533 0.040733
3 -0.006533 -0.006933 0.013467
1 0.003933 -0.005933 0.002000
3 -0.042333 0.009933 0.032400
3 -0.018067 0.006000 0.012067
3 -0.239733 0.067000 0.172733
2 -0.011667 0.007800 0.003867
3 -0.170933 0.051867 0.119067
3 -0.014200 -0.004533 0.018733
3 -0.061667 -0.003533 0.065200
3 -0.203733 0.065200 0.138533
3 -0.038333 0.007133 0.031200
3 -0.022533 -0.000667 0.023200
3 -0.025867 -0.001000 0.026867
3 -0.029333 0.009733 0.019600
3 -0.184200 0.059200 0.125000
3 -0.392600 0.117600 0.275000
3 -0.153400 0.047867 0.105533
3 -0.175667 0.065600 0.110067
3 -0.037600 0.006267 0.031333
2 -0.006200 0.004333 0.001867
3 -0.006867 -0.001933 0.008800
3 -0.190267 0.058600 0.131667
3 -0.034000 0.009400 0.024600
3 -0.021867 0.002067 0.019800
3 -0.012733 0.002667 0.010067
3 -0.058200 0.024800 0.033400
3 -0.008600 0.003667 0.004933
3 -0.108000 0.028600 0.079400
3 -0.031533 0.006400 0.025133
2 -0.006600 0.005400 0.001200
3 -0.167733 0.054800 0.112933
3 -0.038533 0.006267 0.032267
3 -0.001467 -0.019733 0.021200
3 -0.034933 0.012400 0.022533
2 -0.039667 0.020400 0.019267
2 -0.007400 0.006867 0.000533
1 0.000000 0.000000 0.000000
3 -0.032533 0.008400 0.024133
3 -0.009200 0.000533 0.008667
3 -0.038067 0.015800 0.022267
3 -0.023333 0.006000 0.017333
3 -0.048667 0.008667 0.040000
2 -0.003200 0.002467 0.000733
2 -0.003400 0.001867 0.001533
3 -0.005333 -0.014733 0.020067
3 -0.033467 -0.004067 0.037533
3 -0.155067 0.050067 0.105000
3 -0.000400 -0.000267 0.000667
3 -0.006867 0.001867 0.005000
3 -0.072200 0.022133 0.050067
2 -0.013933 0.008800 0.005133
3 -0.032533 0.006933 0.025600
3 -0.156333 0.054467 0.101867
3 -0.162800 0.050333 0.112467
3 -0.019067 0.007733 0.011333
3 -0.013600 -0.014200 0.027800
3 -0.007067 -0.002133 0.009200
3 -0.151067 0.049467 0.101600
2 -0.025333 0.014600 0.010733
3 -0.159267 0.052067 0.107200
3 -0.150400 0.048067 0.102333
3 -0.014600 -0.004667 0.019267
2 -0.011067 0.008600 0.002467
3 -0.003867 -0.000867 0.004733
3 -0.166333 0.054200 0.112133
3 -0.173600 0.060933 0.112667
2 -0.039200 0.022333 0.016867
2 -0.015267 0.009000 0.006267
3 -0.158933 0.044867 0.114067
3 -0.326933 0.105600 0.221333
2 -0.016067 0.010000 0.006067
3 -0.039800 0.019267 0.020533
3 -0.019333 0.009400 0.009933
3 -0.072933 0.013600 0.059333
3 -0.022200 0.006533 0.015667
3 -0.154000 0.050733 0.103267
3 -0.022467 0.001333 0.021133
2 -0.005600 0.004667 0.000933
3 -0.005667 0.000533 0.005133
2 -0.002867 0.001933 0.000933
2 -0.010067 0.005600 0.004467
3 -0.157467 0.044200 0.113267
2 -0.006800 0.005667 0.001133
3 -0.020400 0.009600 0.010800
3 -0.310800 0.103067 0.207733
3 -0.172933 0.050600 0.122333
2 -0.012200 0.008533 0.003667
3 -0.027267 -0.003000 0.030267
3 -0.012533 0.004600 0.007933
2 -0.028667 0.019000 0.009667
3 -0.012467 -0.000267 0.012733
2 -0.020800 0.014800 0.006000
3 -0.183867 0.049200 0.134667
3 -0.005200 -0.000467 0.005667
1 0.000000 0.000000 0.000000
3 -0.337867 0.099333 0.238533
3 -0.024000 0.007867 0.016133
3 -0.036933 -0.004333 0.041267
3 -0.027933 0.009067 0.018867
3 -0.036133 -0.006733 0.042867
3 -0.015067 -0.000733 0.015800
2 -0.011067 0.008000 0.003067
3 -0.037733 0.016267 0.021467
3 -0.008400 0.003067 0.005333
3 -0.006600 -0.001800 0.008400
3 -0.065067 0.014600 0.050467
3 -0.008533 0.003200 0.005333
3 -0.071200 0.009067 0.062133
3 -0.015533 -0.025333 0.040867
3 -0.022733 0.008800 0.013933
3 -0.005333 0.002600 0.002733
3 -0.008133 0.002867 0.005267
3 -0.177133 0.050267 0.126867
3 0.000133 -0.017267 0.017133
2 -0.004800 0.003867 0.000933
3 -0.065200 0.009067 0.056133
3 -0.030800 0.010867 0.019933
3 -0.174667 0.059000 0.115667
3 -0.010200 0.003867 0.006333
3 -0.151933 0.040800 0.111133
3 -0.065333 0.025733 0.039600
3 -0.022067 0.006467 0.015600
3 -0.009467 0.001733 0.007733
3 -0.157667 0.049933 0.107733
3 -0.010933 -0.004200 0.015133
2 -0.000600 0.000400 0.000200
3 -0.172200 0.050333 0.121867
3 -0.156200 0.050400 0.105800
3 -0.043067 0.007733 0.035333
3 -0.005400 0.000333 0.005067
3 -0.035867 0.015800 0.020067
3 -0.156533 0.040800 0.115733
3 -0.064200 0.027133 0.037067
3 -0.462000 0.148133 0.313867
2 -0.004733 0.003600 0.001133
3 -0.037733 -0.003200 0.040933
3 -0.067267 0.024933 0.042333
3 -0.006933 -0.017667 0.024600
3 -0.041933 0.006533 0.035400
3 -0.037400 0.016933 0.020467
3 -0.010000 0.003067 0.006933
3 -0.005333 0.000667 0.004667
3 -0.154867 0.047333 0.107533
3 -0.018600 -0.003800 0.022400
3 -0.166800 0.060000 0.106800
2 -0.002067 0.001133 0.000933
3 -0.019200 0.008467 0.010733
3 0.009267 -0.022000 0.012733
3 -0.003800 -0.000667 0.004467
3 -0.014867 0.002800 0.012067
3 -0.214933 0.071467 0.143467
3 -0.007333 0.003533 0.003800
3 -0.038467 0.008267 0.030200
3 -0.041267 0.015067 0.026200
3 0.000133 -0.009000 0.008867
3 -0.190133 0.062800 0.127333
3 -0.007800 0.003333 0.004467
3 -0.035533 0.001600 0.033933
3 -0.052733 -0.013267 0.066000
3 -0.145333 0.029867 0.115467
3 -0.030200 0.006133 0.024067
3 -0.198000 0.064733 0.133267
3 -0.018800 0.004867 0.013933
2 -0.001333 0.001067 0.000267
3 -0.024133 -0.000867 0.025000
3 -0.199200 0.067733 0.131467
3 -0.163933 0.037800 0.126133
2 -0.004467 0.002733 0.001733
3 -0.062867 0.024533 0.038333
3 -0.004533 -0.003000 0.007533
3 -0.044933 0.011867 0.033067
3 0.000867 -0.008600 0.007733
3 -0.002000 -0.001867 0.003867
3 -0.155600 0.045600 0.110000
2 -0.001133 0.000600 0.000533
3 -0.035467 0.004800 0.030667
3 -0.021933 0.005067 0.016867
3 -0.004667 0.001000 0.003667
3 -0.004067 -0.004667 0.008733
3 -0.015800 0.004733 0.011067
3 -0.078533 0.023333 0.055200
3 -0.012267 0.002267 0.010000
3 -0.061867 0.011267 0.050600
3 -0.031400 0.010400 0.021000
2 -0.021533 0.013067 0.008467
3 -0.001467 0.000467 0.001000
3 -0.000800 0.000200 0.000600
3 -0.150267 0.047667 0.102600
3 -0.155400 0.050867 0.104533
3 -0.006133 -0.001267 0.007400
3 -0.005933 0.000667 0.005267
2 -0.016467 0.008467 0.008000
3 -0.014600 -0.012667 0.027267
3 -0.012667 -0.005933 0.018600
3 -0.186933 0.057000 0.129933
3 -0.044800 -0.012533 0.057333
3 -0.042467 -0.010933 0.053400
3 -0.176133 0.053133 0.123000
3 -0.014867 0.001267 0.013600
3 -0.004133 0.000733 0.003400
3 -0.048133 -0.001533 0.049667
3 -0.054400 -0.029800 0.084200
3 -0.088867 0.024400 0.064467
3 -0.021133 -0.003400 0.024533
3 -0.190667 0.054067 0.136600
3 -0.013467 -0.012533 0.026000
3 -0.049667 0.009333 0.040333
3 -0.236133 0.054667 0.181467
3 -0.003200 -0.004800 0.008000
3 -0.244733 0.039667 0.205067
3 -0.042200 0.007267 0.034933
3 -0.007333 0.000733 0.006600
3 -0.150467 0.049267 0.101200
3 -0.062333 -0.019600 0.081933
3 -0.049733 0.008067 0.041667
3 -0.007533 -0.001133 0.008667
3 -0.017133 -0.018467 0.035600
3 -0.208800 0.061200 0.147600
3 0.000000 -0.001000 0.001000
3 -0.034333 0.006067 0.028267
3 -0.026267 -0.011000 0.037267
3 -0.055267 0.008533 0.046733
3 -0.055800 -0.004867 0.060667
3 -0.031067 -0.013467 0.044533
3 -0.014667 -0.014467 0.029133
3 -0.022200 0.008133 0.014067
3 -0.181267 0.059200 0.122067
3 -0.030067 -0.006200 0.036267
3 -0.029400 -0.019400 0.048800
3 -0.011800 -0.003400 0.015200
3 -0.060667 0.013333 0.047333
3 -0.018533 0.001267 0.017267
3 -0.006867 -0.002867 0.009733
3 -0.033800 -0.003933 0.037733
3 -0.084467 -0.006400 0.090867
3 -0.000400 -0.003000 0.003400
3 -0.055467 0.018400 0.037067
3 -0.007400 -0.006067 0.013467
3 -0.004533 -0.004867 0.009400
3 -0.000667 0.000133 0.000533
3 -0.038667 -0.012200 0.050867
3 -0.024000 0.004400 0.019600
3 -0.009333 -0.002067 0.011400
3 0.001800 -0.025200 0.023400
3 -0.022067 -0.030000 0.052067
3 -0.018667 -0.013867 0.032533
3 -0.015467 0.005200 0.010267
3 -0.160133 0.043933 0.116200
3 0.009400 -0.041733 0.032333
3 -0.017067 -0.004067 0.021133
3 -0.160067 0.048667 0.111400
3 -0.023467 -0.000867 0.024333
3 -0.170667 0.059467 0.111200
3 -0.054000 -0.006200 0.060200
3 -0.002067 -0.001600 0.003667
3 -0.195667 0.063200 0.132467
3 -0.008000 0.002000 0.006000
3 -0.001000 -0.000400 0.001400
3 -0.010000 -0.017533 0.027533
3 -0.039333 0.008000 0.031333
3 -0.019333 -0.012067 0.031400
3 -0.025733 -0.012000 0.037733
3 -0.038600 -0.014533 0.053133
3 -0.020467 -0.018400 0.038867
3 -0.047000 -0.018133 0.065133
3 -0.012533 -0.006600 0.019133
3 -0.053533 0.003933 0.049600
3 -0.064267 -0.017333 0.081600
3 -0.023133 0.002600 0.020533
3 -0.062667 -0.004267 0.066933
3 -0.161067 0.053933 0.107133
3 -0.003600 -0.009400 0.013000
3 -0.000333 -0.002267 0.002600
3 -0.042000 -0.005333 0.047333
3 -0.024267 0.002733 0.021533
3 -0.031200 -0.033533 0.064733
3 -0.016733 0.006133 0.010600
3 -0.034467 -0.012733 0.047200
3 -0.037200 -0.014667 0.051867
3 -0.007067 -0.000333 0.007400
3 -0.003533 0.001467 0.002067
3 -0.009333 -0.021333 0.030667
3 -0.012800 0.005400 0.007400
3 -0.006800 -0.007600 0.014400
3 -0.155067 0.050067 0.105000
3 0.001800 -0.004533 0.002733
3 -0.009000 -0.000733 0.009733
3 -0.037533 0.007667 0.029867
3 -0.023067 0.001733 0.021333
3 -0.014333 -0.007467 0.021800
3 -0.007333 -0.001200 0.008533
3 -0.008667 -0.002467 0.011133
3 -0.053600 -0.008600 0.062200
3 -0.035067 -0.010933 0.046000
3 -0.000600 -0.000400 0.001000
3 -0.000933 -0.002667 0.003600
3 0.002733 -0.009533 0.006800
3 -0.012467 0.000667 0.011800
3 -0.027467 -0.004400 0.031867
3 -0.001267 0.000067 0.001200
3 -0.012533 -0.003933 0.016467
3 -0.000733 -0.000067 0.000800
3 -0.014267 -0.000933 0.015200
3 -0.211267 0.070333 0.140933
3 -0.175800 0.056800 0.119000
3 -0.075200 -0.006067 0.081267
3 -0.012933 0.000533 0.012400
3 -0.016067 -0.016267 0.032333
3 -0.051333 -0.015800 0.067133
1 0.000000 0.000000 0.000000
3 -0.031133 0.004133 0.027000
3 -0.054400 0.001133 0.053267
3 -0.197000 0.045067 0.151933
3 -0.143067 0.026600 0.116467
3 -0.156400 0.049933 0.106467
3 -0.160000 0.048800 0.111200
3 -0.044333 -0.002333 0.046667
3 -0.165867 0.057733 0.108133
3 -0.007133 -0.003200 0.010333
3 -0.003200 -0.005200 0.008400
3 -0.043400 0.011200 0.032200
3 -0.003533 -0.005667 0.009200
3 -0.042067 0.009267 0.032800
3 -0.033667 -0.021667 0.055333
3 -0.022400 -0.025533 0.047933
3 -0.164667 0.049400 0.115267
3 -0.053400 -0.012200 0.065600
3 -0.012133 0.002267 0.009867
3 -0.310600 0.093933 0.216667
3 -0.175667 0.038000 0.137667
3 -0.014867 -0.023533 0.038400
3 -0.153067 0.050133 0.102933
3 -0.020600 0.000400 0.020200
3 0.009267 -0.023400 0.014133
3 -0.009867 0.003000 0.006867
3 -0.015000 -0.004200 0.019200
3 -0.049800 0.000200 0.049600
3 -0.020800 0.003800 0.017000
3 -0.017533 0.004467 0.013067
3 -0.180667 0.055133 0.125533
3 -0.012133 0.002267 0.009867
3 -0.027600 0.007533 0.020067
3 -0.016267 -0.016933 0.033200
3 -0.012867 0.001200 0.011667
3 -0.005267 -0.010933 0.016200
3 -0.032067 0.008333 0.023733
3 -0.020200 0.001267 0.018933
3 -0.014933 0.005600 0.009333
3 -0.162333 0.054400 0.107933
3 -0.235600 0.089267 0.146333
3 -0.018200 0.005867 0.012333
3 -0.008467 -0.007733 0.016200
3 -0.309600 0.077800 0.231800
3 -0.013133 0.003600 0.009533
3 -0.020067 -0.023533 0.043600
3 -0.026867 -0.012333 0.039200
3 -0.006400 -0.000867 0.007267
3 -0.023067 -0.003600 0.026667
3 -0.039200 0.009000 0.030200
3 -0.000667 -0.020267 0.020933
3 -0.014533 0.000067 0.014467
3 0.002667 -0.012400 0.009733
3 -0.004600 -0.001133 0.005733
3 -0.033867 0.008067 0.025800
3 -0.002933 -0.002000 0.004933
3 -0.013067 -0.002667 0.015733
3 -0.018200 -0.030000 0.048200
3 -0.017133 0.000267 0.016867
3 -0.030867 -0.002867 0.033733
3 -0.035533 -0.007800 0.043333
3 -0.038000 -0.008467 0.046467
3 0.000533 -0.023267 0.022733
3 -0.010200 -0.000533 0.010733
3 -0.059067 0.015667 0.043400
3 -0.103667 0.005867 0.097800
3 -0.005200 -0.018000 0.023200
3 -0.014667 0.005400 0.009267
3 -0.063800 -0.004267 0.068067
3 -0.153200 0.049267 0.103933
3 -0.035533 -0.011067 0.046600
3 -0.599800 0.169800 0.430000
3 -0.067467 -0.002133 0.069600
3 -0.059867 0.024933 0.034933
3 -0.035133 0.009533 0.025600
3 -0.053067 -0.004000 0.057067
3 -0.003933 0.000733 0.003200
3 0.000067 -0.000267 0.000200
3 -0.181067 0.059467 0.121600
2 -0.001267 0.000867 0.000400
3 -0.002733 -0.005667 0.008400
3 -0.004867 -0.025400 0.030267
3 -0.010933 -0.008067 0.019000
3 -0.028467 -0.010733 0.039200
3 -0.316200 0.108067 0.208133
3 -0.031200 0.004467 0.026733
3 -0.005667 0.001933 0.003733
3 -0.005467 -0.004667 0.010133
3 -0.010333 -0.003600 0.013933
3 -0.472200 0.151267 0.320933
3 -0.008000 -0.001067 0.009067
3 -0.024667 -0.013200 0.037867
3 -0.010533 -0.012667 0.023200
3 -0.199600 0.057867 0.141733
3 -0.007933 0.002200 0.005733
3 -0.034733 -0.006200 0.040933
3 -0.009600 -0.018267 0.027867
3 -0.034000 -0.025000 0.059000
3 -0.005133 -0.000333 0.005467
3 -0.157133 0.048867 0.108267
3 -0.003600 -0.000400 0.004000
3 -0.053133 0.004200 0.048933
3 -0.020800 -0.012200 0.033000
3 -0.066600 0.017067 0.049533
3 -0.038133 -0.013600 0.051733
3 -0.335133 0.107133 0.228000
3 -0.017133 -0.017600 0.034733
3 -0.022933 0.006733 0.016200
3 -0.022067 0.000067 0.022000
3 -0.020000 0.001067 0.018933
3 -0.002400 -0.020133 0.022533
3 -0.004667 -0.000600 0.005267
3 -0.010133 -0.022267 0.032400
3 -0.173800 0.057400 0.116400
3 -0.049800 0.002933 0.046867
3 -0.154000 0.044733 0.109267
3 -0.026733 -0.011067 0.037800
3 -0.059133 0.015267 0.043867
3 -0.212133 0.038800 0.173333
3 -0.029533 0.008600 0.020933
3 -0.013467 -0.010733 0.024200
3 -0.078467 0.002400 0.076067
3 -0.036133 -0.015333 0.051467
3 -0.152200 0.049867 0.102333
3 -0.108533 -0.008000 0.116533
3 -0.030533 -0.003533 0.034067
3 -0.176667 0.038267 0.138400
3 -0.193200 0.062067 0.131133
3 0.005267 -0.024333 0.019067
3 -0.001600 0.000600 0.001000
3 -0.050933 -0.010333 0.061267
3 -0.038133 -0.008733 0.046867
3 -0.087733 0.003533 0.084200
3 -0.027333 -0.011533 0.038867
3 -0.000267 0.000067 0.000200
3 -0.021867 -0.022733 0.044600
3 -0.022267 -0.024200 0.046467
3 -0.185667 0.052333 0.133333
3 -0.005733 -0.002667 0.008400
3 -0.000933 -0.000200 0.001133
3 0.000267 -0.001000 0.000733
3 -0.000133 -0.000200 0.000333
3 -0.023667 0.001267 0.022400
3 -0.002200 0.000333 0.001867
3 -0.017267 -0.032200 0.049467
3 -0.150467 0.049267 0.101200
3 -0.161200 0.051733 0.109467
3 -0.018933 0.004733 0.014200
3 -0.034933 0.006733 0.028200
3 -0.004267 -0.002867 0.007133
3 -0.037400 -0.011200 0.048600
3 -0.030267 -0.013867 0.044133
3 -0.010733 0.002133 0.008600
3 -0.028533 -0.011800 0.040333
3 -0.019200 -0.027600 0.046800
3 -0.026200 -0.003333 0.029533
3 -0.050600 -0.009200 0.059800
3 -0.049267 0.000000 0.049267
3 -0.021067 0.005133 0.015933
3 -0.000200 -0.000133 0.000333
3 -0.182800 0.061267 0.121533
3 -0.033133 0.010800 0.022333
3 -0.068267 -0.003533 0.071800
3 -0.165267 0.051333 0.113933
3 -0.012867 -0.015533 0.028400
3 -0.004400 -0.014133 0.018533
3 -0.030133 -0.008200 0.038333
3 -0.024267 0.002733 0.021533
3 -0.151667 0.049867 0.101800
3 -0.026333 -0.031200 0.057533
3 -0.018667 0.005400 0.013267
3 -0.000733 -0.001800 0.002533
3 -0.150933 0.049200 0.101733
3 -0.025533 -0.011667 0.037200
3 -0.183000 0.055733 0.127267
3 -0.027133 -0.016933 0.044067
3 -0.005267 -0.000067 0.005333
3 -0.158533 0.047600 0.110933
3 -0.049133 0.004067 0.045067
3 -0.008533 -0.002933 0.011467
3 -0.013733 -0.019467 0.033200
3 -0.150467 0.049267 0.101200
3 -0.065600 -0.017733 0.083333
3 -0.001000 -0.004867 0.005867
3 -0.021000 0.000467 0.020533
3 -0.022667 0.007000 0.015667
3 -0.012200 -0.000800 0.013000
3 -0.022067 0.002333 0.019733
3 -0.016400 -0.022867 0.039267
3 -0.011467 -0.007133 0.018600
3 -0.173000 0.060800 0.112200
3 0.005067 -0.011067 0.006000
3 -0.159000 0.047333 0.111667
3 -0.180667 0.057333 0.123333
3 0.000067 -0.002267 0.002200
3 -0.157933 0.051933 0.106000
3 -0.167000 0.055733 0.111267
3 -0.026733 -0.001600 0.028333
3 -0.035400 -0.023867 0.059267
3 -0.006600 -0.016400 0.023000
3 -0.017467 0.006067 0.011400
3 0.000400 -0.001267 0.000867
3 -0.483400 0.125867 0.357533
3 -0.039333 -0.010067 0.049400
3 -0.008533 -0.001333 0.009867
3 -0.019667 -0.007000 0.026667
3 -0.161667 0.051333 0.110333
3 -0.006533 -0.014267 0.020800
3 -0.017400 -0.012467 0.029867
3 -0.020400 -0.004533 0.024933
3 -0.009867 -0.002800 0.012667
3 -0.025867 -0.015400 0.041267
3 -0.009067 -0.000933 0.010000
3 -0.009867 0.002200 0.007667
3 -0.021000 -0.002733 0.023733
3 -0.005533 0.001200 0.004333
3 -0.005533 0.001200 0.004333
3 -0.020667 0.003800 0.016867
3 -0.303467 0.096200 0.207267
3 -0.159600 0.055133 0.104467
3 -0.039733 0.008333 0.031400
3 -0.041867 0.007600 0.034267
3 -0.008400 0.003267 0.005133
3 -0.030333 -0.010333 0.040667
3 -0.216733 0.063533 0.153200
3 -0.314067 0.099800 0.214267
3 -0.169533 0.048267 0.121267
3 -0.147667 0.040467 0.107200
3 -0.002800 -0.000733 0.003533
3 -0.028867 -0.018467 0.047333
3 -0.150733 0.049533 0.101200
3 -0.011800 -0.003400 0.015200
3 -0.003533 -0.016800 0.020333
3 -0.013000 -0.000267 0.013267
3 -0.181667 0.038800 0.142867
3 -0.000533 -0.000267 0.000800
3 0.000133 -0.005133 0.005000
3 -0.045867 0.006467 0.039400
3 -0.160933 0.049200 0.111733
3 -0.024600 0.002467 0.022133
3 0.005933 -0.026533 0.020600
3 -0.021333 0.002133 0.019200
3 -0.069933 0.020133 0.049800
3 -0.166400 0.049067 0.117333
3 -0.157933 0.046067 0.111867
3 -0.171867 0.058400 0.113467
3 -0.004133 -0.000200 0.004333
3 -0.212267 0.051200 0.161067
3 -0.001267 -0.007133 0.008400
3 -0.150533 0.042800 0.107733
3 -0.029733 -0.004933 0.034667
3 -0.026867 -0.011267 0.038133
3 -0.021400 -0.009533 0.030933
3 -0.001600 -0.001333 0.002933
3 -0.073600 0.018867 0.054733
3 -0.008467 0.001467 0.007000
3 -0.049067 -0.001533 0.050600
3 -0.029867 -0.009467 0.039333
3 -0.044133 -0.005867 0.050000
3 -0.044400 0.006467 0.037933
3 -0.154733 0.046400 0.108333
3 -0.009467 -0.003133 0.012600
3 -0.013267 0.000333 0.012933
3 0.000133 -0.000467 0.000333
3 -0.035333 0.004600 0.030733
3 -0.003667 -0.002533 0.006200
3 -0.012000 -0.003467 0.015467
3 -0.016533 -0.022133 0.038667
3 -0.005667 -0.003933 0.009600
3 -0.007133 -0.007400 0.014533
3 -0.156867 0.042267 0.114600
3 -0.022600 0.001533 0.021067
3 -0.004000 -0.010267 0.014267
3 -0.000467 0.000200 0.000267
3 -0.002133 -0.005933 0.008067
3 -0.001667 -0.006600 0.008267
3 -0.304600 0.093733 0.210867
1 0.006000 -0.009067 0.003067
3 -0.046933 -0.005600 0.052533
3 -0.311067 0.101467 0.209600
3 -0.020467 0.006067 0.014400
3 -0.601867 0.197067 0.404800
3 -0.082000 0.013267 0.068733
3 -0.192267 0.058867 0.133400
3 -0.001667 -0.000733 0.002400
3 -0.150467 0.049267 0.101200
3 -0.154533 0.049933 0.104600
3 -0.003400 -0.008333 0.011733
3 -0.024867 0.006067 0.018800
3 -0.009733 0.002133 0.007600
3 -0.041400 -0.024267 0.065667
1 0.000000 0.000000 0.000000
3 -0.022600 0.010333 0.012267
3 -0.030933 -0.026400 0.057333
3 -0.013867 -0.023867 0.037733
3 -0.151267 0.049067 0.102200
3 -0.043267 0.013467 0.029800
3 -0.175600 0.047133 0.128467
3 -0.150000 0.047667 0.102333
3 -0.150333 0.049000 0.101333
3 -0.046600 0.008267 0.038333
3 -0.018533 -0.001267 0.019800
3 -0.006733 -0.020400 0.027133
3 -0.008533 -0.016733 0.025267
3 -0.019133 0.006133 0.013000
3 -0.155000 0.047867 0.107133
3 -0.027267 0.006933 0.020333
3 -0.172267 0.052200 0.120067
3 -0.188933 0.057800 0.131133
3 -0.000333 -0.000333 0.000667
3 -0.007000 0.001200 0.005800
3 -0.019400 0.009000 0.010400
3 -0.002933 -0.000733 0.003667
3 -0.172600 0.058400 0.114200
3 -0.035133 0.012533 0.022600
3 -0.003200 -0.000333 0.003533
3 -0.014600 -0.003000 0.017600
3 -0.010200 -0.002800 0.013000
3 -0.013200 -0.004600 0.017800
3 -0.025333 -0.011267 0.036600
3 -0.027733 -0.013733 0.041467
3 0.012467 -0.034800 0.022333
2 -0.009133 0.006867 0.002267
3 -0.033067 -0.011133 0.044200
3 -0.067467 -0.003667 0.071133
3 -0.152467 0.047467 0.105000
3 -0.019467 0.005400 0.014067
3 -0.011667 -0.020267 0.031933
3 -0.003067 -0.012533 0.015600
3 0.000067 -0.000533 0.000467
3 -0.168400 0.050400 0.118000
3 -0.025133 0.002467 0.022667
3 -0.021333 0.006800 0.014533
3 -0.141200 0.027267 0.113933
3 -0.054333 -0.001800 0.056133
3 -0.001733 -0.005267 0.007000
3 -0.343333 0.105333 0.238000
3 -0.002000 0.000800 0.001200
3 -0.194467 0.020333 0.174133
3 -0.139333 0.027467 0.111867
3 -0.015533 -0.025333 0.040867
3 -0.013600 0.004600 0.009000
3 -0.314267 0.095400 0.218867
3 -0.012267 -0.010333 0.022600
2 -0.013667 0.007133 0.006533
3 -0.036133 -0.010867 0.047000
3 -0.006600 0.002400 0.004200
3 -0.150467 0.049267 0.101200
3 -0.009000 -0.000200 0.009200
3 -0.002267 -0.001000 0.003267
3 -0.025800 0.010467 0.015333
3 -0.009467 -0.002400 0.011867
3 -0.001533 0.000667 0.000867
2 -0.007867 0.007067 0.000800
3 -0.060200 -0.000133 0.060333
3 -0.095600 0.032667 0.062933
3 -0.003533 -0.002400 0.005933
3 -0.013600 -0.000667 0.014267
3 -0.005000 -0.015267 0.020267
3 -0.038333 0.000200 0.038133
3 -0.069867 0.003667 0.066200
3 -0.023200 -0.025467 0.048667
3 -0.043333 0.013400 0.029933
3 -0.014867 -0.004267 0.019133
3 -0.006867 -0.000000 0.006867
3 -0.019200 -0.004600 0.023800
3 -0.199467 0.062400 0.137067
3 -0.186400 0.058400 0.128000
3 -0.000200 -0.008600 0.008800
3 -0.168200 0.040000 0.128200
3 -0.001667 -0.000600 0.002267
2 -0.007133 0.003600 0.003533
3 -0.007133 -0.002133 0.009267
3 -0.093200 0.016667 0.076533
3 -0.005200 -0.003733 0.008933
3 0.001600 -0.011867 0.010267
3 -0.160333 0.052600 0.107733
3 -0.017733 -0.011667 0.029400
3 -0.027333 -0.012067 0.039400
3 -0.047133 0.006133 0.041000
3 -0.173333 0.054933 0.118400
3 -0.044600 0.006200 0.038400
3 -0.025067 0.003200 0.021867
3 -0.019867 -0.024800 0.044667
3 -0.010200 0.004267 0.005933
3 -0.009933 -0.000267 0.010200
3 -0.005533 0.000267 0.005267
1 0.000000 0.000000 0.000000
3 -0.026733 -0.001533 0.028267
3 0.002267 -0.005933 0.003667
3 -0.026733 0.008400 0.018333
3 -0.008600 0.001333 0.007267
3 -0.062933 -0.003200 0.066133
3 -0.000733 -0.000533 0.001267
3 -0.026867 0.010333 0.016533
3 -0.016533 -0.004267 0.020800
3 -0.012400 -0.003867 0.016267
3 -0.034933 -0.014800 0.049733
3 -0.159933 0.047067 0.112867
3 -0.004733 -0.034667 0.039400
3 -0.024067 0.004200 0.019867
3 -0.009333 0.002000 0.007333
3 -0.017600 -0.014800 0.032400
3 -0.154667 0.051667 0.103000
3 -0.000400 0.000000 0.000400
3 -0.009667 0.003400 0.006267
3 -0.073933 -0.000600 0.074533
3 -0.004733 0.000800 0.003933
3 -0.174333 0.037933 0.136400
3 0.002333 -0.024000 0.021667
3 -0.043733 0.014933 0.028800
3 -0.035333 -0.013867 0.049200
3 -0.207200 0.057267 0.149933
3 -0.016333 -0.000200 0.016533
3 -0.023933 0.011400 0.012533
3 -0.066600 -0.002000 0.068600
3 -0.016533 -0.002600 0.019133
3 -0.033133 0.004733 0.028400
3 -0.027533 -0.010400 0.037933
3 -0.025267 -0.024600 0.049867
3 -0.005200 -0.002200 0.007400
3 -0.220067 0.063867 0.156200
3 -0.009133 0.001133 0.008000
3 -0.014467 -0.034800 0.049267
3 -0.195133 0.048867 0.146267
3 -0.015533 -0.025333 0.040867
3 -0.071400 0.007867 0.063533
3 -0.184667 0.057667 0.127000
3 -0.018267 0.000400 0.017867
3 -0.001933 0.000467 0.001467
3 -0.133267 -0.012600 0.145867
3 -0.015400 0.002133 0.013267
3 -0.166400 0.052867 0.113533
3 -0.009400 -0.001000 0.010400
3 -0.156733 0.050400 0.106333
3 -0.194533 0.074133 0.120400
3 -0.020533 -0.016733 0.037267
3 -0.000333 -0.000133 0.000467
3 -0.175333 0.056467 0.118867
3 -0.164467 0.054333 0.110133
3 -0.017333 -0.002067 0.019400
3 -0.023067 -0.041067 0.064133
3 -0.081067 0.029800 0.051267
3 -0.021667 0.010667 0.011000
3 -0.075267 0.015867 0.059400
3 -0.015533 -0.004667 0.020200
3 -0.016133 -0.015733 0.031867
2 -0.019000 0.009667 0.009333
3 -0.015333 -0.004800 0.020133
3 -0.016067 -0.016267 0.032333
3 -0.022267 -0.024200 0.046467
3 -0.027600 -0.009600 0.037200
3 -0.156333 0.049067 0.107267
3 -0.026733 0.000533 0.026200
3 -0.017267 0.000800 0.016467
3 -0.033533 -0.007533 0.041067
3 -0.343933 0.087933 0.256000
3 -0.004333 -0.000267 0.004600
3 -0.174733 0.058867 0.115867
3 -0.071200 0.013267 0.057933
3 -0.182933 0.058467 0.124467
3 -0.159067 0.048267 0.110800
3 -0.153333 0.050867 0.102467
3 -0.006800 -0.001867 0.008667
3 -0.167600 0.054267 0.113333
3 -0.003333 0.000733 0.002600
3 -0.025467 -0.011533 0.037000
3 -0.038133 0.011200 0.026933
3 -0.007733 -0.027800 0.035533
3 -0.191067 0.042333 0.148733
3 -0.017667 -0.027867 0.045533
3 -0.177200 0.061267 0.115933
3 -0.001467 -0.001400 0.002867
3 -0.008133 -0.023933 0.032067
3 -0.008000 -0.017333 0.025333
3 -0.007867 -0.001200 0.009067
3 -0.047933 -0.012200 0.060133
3 -0.019800 0.001067 0.018733
3 -0.000800 0.000000 0.000800
3 -0.597933 0.191133 0.406800
3 -0.002000 -0.001467 0.003467
3 -0.000800 0.000000 0.000800
3 -0.010533 0.002333 0.008200
3 -0.150467 0.049267 0.101200
3 -0.301333 0.098600 0.202733
3 -0.311133 0.100067 0.211067
3 -0.026933 0.010467 0.016467
3 -0.023000 -0.001667 0.024667
3 -0.059133 -0.004067 0.063200
3 -0.017067 0.007800 0.009267
3 -0.166400 0.051200 0.115200
3 -0.159800 0.032133 0.127667
3 -0.020600 -0.014867 0.035467
3 -0.021867 0.002733 0.019133
3 -0.004200 -0.002067 0.006267
3 -0.152800 0.050400 0.102400
3 -0.209333 0.058867 0.150467
3 -0.156200 0.049400 0.106800
3 -0.155867 0.047867 0.108000
3 -0.162533 0.049933 0.112600
3 -0.005667 -0.021200 0.026867
3 -0.022800 -0.004133 0.026933
3 -0.106600 0.003667 0.102933
3 -0.017467 -0.005667 0.023133
3 -0.014267 0.001000 0.013267
3 0.001867 -0.008133 0.006267
3 -0.195600 0.054600 0.141000
3 -0.019333 0.008333 0.011000
3 -0.179067 0.058533 0.120533
3 -0.010467 -0.009333 0.019800
3 -0.012667 -0.005933 0.018600
3 -0.017667 -0.027867 0.045533
3 -0.032333 -0.014067 0.046400
3 -0.167667 0.051333 0.116333
3 -0.010067 -0.000400 0.010467
3 -0.047200 -0.018267 0.065467
3 -0.028133 0.000467 0.027667
3 -0.150933 0.049467 0.101467
3 -0.019800 -0.012267 0.032067
3 -0.027067 -0.013067 0.040133
3 0.007867 -0.022133 0.014267
2 -0.011600 0.008800 0.002800
3 -0.001667 -0.008067 0.009733
3 -0.001667 -0.002067 0.003733
3 -0.161067 0.049867 0.111200
3 -0.152533 0.046467 0.106067
3 -0.151600 0.048467 0.103133
3 -0.301267 0.096267 0.205000
3 -0.052533 -0.012467 0.065000
3 -0.059133 0.001267 0.057867
3 -0.153067 0.050133 0.102933
3 -0.151467 0.049867 0.101600
3 -0.088000 0.014467 0.073533
3 -0.017667 -0.027867 0.045533
3 -0.189933 0.065267 0.124667
3 -0.018333 -0.010867 0.029200
3 -0.152333 0.048133 0.104200
2 -0.001933 0.001400 0.000533
2 -0.015067 0.008800 0.006267
3 0.002133 -0.005333 0.003200
3 -0.042733 0.010000 0.032733
3 -0.031400 0.009467 0.021933
3 -0.143800 0.027067 0.116733
3 -0.088000 0.014467 0.073533
3 -0.001600 0.000600 0.001000
3 -0.015067 0.000733 0.014333
3 -0.037600 0.007800 0.029800
3 -0.028333 -0.035800 0.064133
3 -0.127000 -0.006933 0.133933
3 -0.005667 0.002133 0.003533
3 -0.044733 -0.004733 0.049467
3 -0.153933 0.049133 0.104800
3 -0.005000 0.001867 0.003133
3 -0.180667 0.057333 0.123333
3 -0.019400 0.002200 0.017200
3 -0.013133 -0.006333 0.019467
3 -0.038600 -0.007133 0.045733
3 -0.179067 0.058533 0.120533
3 -0.082867 0.029600 0.053267
3 -0.170733 0.051867 0.118867
3 -0.020267 0.002600 0.017667
3 -0.072667 0.012200 0.060467
3 -0.025200 -0.011267 0.036467
1 0.000000 0.000000 0.000000
3 -0.150467 0.049267 0.101200
3 -0.025667 0.004933 0.020733
3 -0.160800 0.053000 0.107800
3 -0.000933 -0.004200 0.005133
3 -0.009600 -0.000467 0.010067
3 -0.053533 -0.005933 0.059467
3 -0.026133 0.012533 0.013600
3 -0.182067 0.049933 0.132133
3 -0.013267 -0.017000 0.030267
3 -0.043533 -0.005533 0.049067
3 -0.151933 0.049667 0.102267
3 -0.355200 0.111000 0.244200
3 -0.011800 -0.002933 0.014733
3 -0.159800 0.048733 0.111067
3 -0.051267 -0.008067 0.059333
3 0.000133 -0.020733 0.020600
3 -0.029000 0.009467 0.019533
3 -0.152467 0.049200 0.103267
3 -0.010933 0.000733 0.010200
3 0.001333 -0.006133 0.004800
3 -0.465333 0.137867 0.327467
3 0.002867 -0.039067 0.036200
3 -0.027600 -0.002733 0.030333
3 -0.000400 -0.000467 0.000867
3 -0.011333 0.002467 0.008867
3 -0.026000 0.008200 0.017800
3 -0.152600 0.050667 0.101933
3 -0.002133 -0.004667 0.006800
3 -0.084067 0.003133 0.080933
3 -0.016867 -0.007133 0.024000
3 -0.164933 0.057067 0.107867
3 -0.039000 0.002733 0.036267
3 -0.025600 0.005467 0.020133
3 -0.002200 -0.000933 0.003133
3 -0.010467 -0.000467 0.010933
3 0.008867 -0.029867 0.021000
3 -0.014133 0.005400 0.008733
3 -0.157000 0.040600 0.116400
3 -0.160467 0.052733 0.107733
3 -0.032867 -0.035467 0.068333
3 -0.037533 0.010267 0.027267
3 -0.316867 0.101600 0.215267
3 -0.015133 0.001733 0.013400
3 -0.037133 -0.007133 0.044267
3 -0.462667 0.138733 0.323933
2 -0.002800 0.001867 0.000933
3 -0.032867 0.009800 0.023067
3 -0.044600 0.008800 0.035800
3 -0.036333 0.009933 0.026400
3 -0.025200 0.006000 0.019200
3 -0.000800 -0.013600 0.014400
3 -0.155067 0.035067 0.120000
3 -0.007400 -0.001067 0.008467
3 -0.158467 0.041800 0.116667
3 -0.052200 -0.005467 0.057667
3 -0.166267 0.038733 0.127533
3 -0.002400 -0.000400 0.002800
3 -0.007467 -0.002000 0.009467
2 -0.003333 0.001800 0.001533
3 -0.036533 0.007200 0.029333
3 -0.008400 -0.019533 0.027933
3 -0.004333 0.000267 0.004067
3 -0.003667 -0.003333 0.007000
3 -0.151267 0.049667 0.101600
3 -0.010000 0.003667 0.006333
3 -0.042000 0.009867 0.032133
3 -0.004867 0.002200 0.002667
3 -0.162067 0.028067 0.134000
3 -0.045867 0.003267 0.042600
3 -0.027933 0.002333 0.025600
3 -0.025200 -0.011267 0.036467
2 -0.010333 0.007067 0.003267
3 -0.158467 0.048067 0.110400
3 -0.029600 -0.010000 0.039600
3 -0.092467 0.001667 0.090800
3 -0.174267 0.056800 0.117467
3 -0.008133 -0.005067 0.013200
3 -0.004467 -0.001867 0.006333
3 -0.013400 0.002067 0.011333
3 -0.014000 -0.003200 0.017200
3 -0.018267 0.001333 0.016933
3 -0.012533 0.004800 0.007733
3 -0.023067 -0.010667 0.033733
3 -0.011800 -0.002000 0.013800
3 -0.004267 -0.000200 0.004467
1 0.000000 0.000000 0.000000
3 -0.012533 -0.002200 0.014733
3 -0.028200 0.007467 0.020733
3 -0.003000 -0.004867 0.007867
3 -0.044200 0.002867 0.041333
3 -0.008000 -0.000933 0.008933
3 -0.004333 -0.001800 0.006133
3 -0.047600 0.018667 0.028933
2 -0.011067 0.007733 0.003333
3 -0.194333 0.065200 0.129133
3 -0.024133 -0.002533 0.026667
3 -0.034867 0.006333 0.028533
3 -0.159867 0.042067 0.117800
3 -0.314067 0.087733 0.226333
3 -0.008067 -0.019067 0.027133
3 -0.041867 0.002533 0.039333
3 -0.051533 0.019067 0.032467
2 -0.007067 0.004267 0.002800
3 -0.058467 -0.016267 0.074733
3 -0.000933 -0.011800 0.012733
3 -0.075333 0.002267 0.073067
3 -0.048133 0.011333 0.036800
3 -0.153733 0.050267 0.103467
3 -0.303800 0.096133 0.207667
3 -0.057267 -0.008867 0.066133
3 -0.223200 0.057000 0.166200
3 -0.035867 0.010333 0.025533
3 -0.009533 -0.003067 0.012600
3 -0.010267 -0.001667 0.011933
3 -0.004667 -0.017000 0.021667
3 -0.002667 -0.003200 0.005867
3 -0.067133 0.000600 0.066533
3 -0.004667 0.001267 0.003400
3 -0.045200 0.010267 0.034933
3 -0.308800 0.102933 0.205867
3 -0.005467 0.001333 0.004133
3 -0.002733 -0.000533 0.003267
3 -0.159200 0.050667 0.108533
3 -0.044000 0.011533 0.032467
3 -0.171733 0.039667 0.132067
3 -0.008800 0.002000 0.006800
3 -0.170933 0.055000 0.115933
3 -0.489867 0.163600 0.326267
3 -0.007333 -0.001200 0.008533
3 -0.164800 0.051667 0.113133
3 -0.020733 0.000133 0.020600
3 -0.006733 -0.002400 0.009133
3 -0.008200 0.000067 0.008133
3 -0.040400 0.016533 0.023867
3 -0.217067 0.069000 0.148067
3 -0.016600 -0.004667 0.021267
3 -0.009867 -0.003000 0.012867
3 -0.063667 0.018733 0.044933
3 -0.073000 0.005133 0.067867
3 -0.209933 0.058800 0.151133
3 -0.176067 0.057333 0.118733
3 -0.162000 0.046867 0.115133
1 0.000000 0.000000 0.000000
3 -0.152933 0.050400 0.102533
3 -0.026533 0.009467 0.017067
3 -0.010400 0.000667 0.009733
3 -0.009667 -0.013467 0.023133
3 -0.301133 0.098133 0.203000
3 -0.004733 0.000067 0.004667
3 -0.001800 -0.003067 0.004867
3 -0.456600 0.145267 0.311333
3 -0.152133 0.049267 0.102867
3 -0.008733 -0.001067 0.009800
3 -0.196133 0.058067 0.138067
3 -0.026533 -0.011733 0.038267
3 -0.009133 0.001600 0.007533
3 -0.026333 0.000667 0.025667
3 -0.005867 -0.014800 0.020667
3 -0.029533 -0.010800 0.040333
3 -0.167400 0.045267 0.122133
3 -0.040067 -0.023800 0.063867
3 -0.160867 0.048733 0.112133
3 -0.028400 -0.014333 0.042733
3 -0.009933 -0.013800 0.023733
3 -0.004333 -0.000867 0.005200
3 -0.030667 -0.010400 0.041067
3 -0.154000 0.021800 0.132200
3 -0.183467 0.061067 0.122400
2 -0.014200 0.007333 0.006867
3 -0.009867 -0.001600 0.011467
3 -0.032867 0.012733 0.020133
3 -0.039267 -0.003533 0.042800
3 -0.155067 0.050400 0.104667
3 -0.028400 -0.014333 0.042733
3 -0.007733 -0.013133 0.020867
3 -0.156867 0.049200 0.107667
1 0.001600 -0.001933 0.000333
3 -0.164733 0.036133 0.128600
3 -0.161333 0.051867 0.109467
3 -0.150867 0.049133 0.101733
3 -0.013933 0.001400 0.012533
3 -0.002267 0.000867 0.001400
3 -0.035200 0.005733 0.029467
3 -0.036133 0.015733 0.020400
3 -0.007933 0.000867 0.007067
2 -0.001400 0.000733 0.000667
3 -0.030267 -0.008267 0.038533
3 -0.030333 0.001600 0.028733
3 -0.007067 0.000467 0.006600
3 -0.036667 0.006200 0.030467
3 -0.197667 0.040067 0.157600
3 -0.154600 0.044267 0.110333
3 -0.018267 -0.001933 0.020200
3 -0.026600 0.002133 0.024467
3 -0.005400 -0.002000 0.007400
3 -0.028600 0.009267 0.019333
3 -0.028600 0.007333 0.021267
3 -0.017133 -0.013600 0.030733
3 -0.188933 0.042933 0.146000
3 -0.022600 0.010600 0.012000
3 -0.002067 -0.001600 0.003667
3 -0.031733 -0.011800 0.043533
3 -0.022267 0.000133 0.022133
3 -0.011667 0.000067 0.011600
3 -0.179000 0.039267 0.139733
3 -0.606933 0.192400 0.414533
2 -0.003133 0.002867 0.000267
3 -0.162200 0.054800 0.107400
3 -0.012867 -0.011067 0.023933
3 -0.150467 0.049267 0.101200
3 -0.001067 -0.002133 0.003200
3 -0.190267 0.054000 0.136267
3 -0.032267 0.007267 0.025000
3 -0.026867 0.010467 0.016400
3 -0.018467 -0.013000 0.031467
3 -0.146200 0.040200 0.106000
3 -0.152000 0.049600 0.102400
3 -0.010133 -0.002667 0.012800
3 -0.153867 0.051133 0.102733
3 0.001267 -0.024267 0.023000
3 -0.168467 0.039600 0.128867
3 -0.020533 0.007000 0.013533
3 -0.000200 0.000067 0.000133
3 -0.051067 0.009733 0.041333
3 -0.026200 0.004733 0.021467
3 -0.143867 0.037533 0.106333
3 -0.194933 0.035467 0.159467
3 -0.025000 -0.003467 0.028467
3 0.002600 -0.009667 0.007067
3 -0.009533 0.003533 0.006000
3 -0.008933 -0.001000 0.009933
3 -0.004533 0.001067 0.003467
3 -0.050867 -0.011800 0.062667
3 -0.176200 0.038067 0.138133
3 -0.008067 -0.001267 0.009333
3 -0.000800 0.000067 0.000733
3 -0.008333 0.002533 0.005800
3 -0.000800 -0.000067 0.000867
3 -0.013000 0.004067 0.008933
3 -0.005667 -0.003933 0.009600
3 -0.015533 0.002200 0.013333
3 -0.195867 0.064067 0.131800
3 -0.008867 0.003067 0.005800
3 -0.167933 0.042200 0.125733
3 -0.031333 0.002733 0.028600
2 -0.002067 0.001067 0.001000
3 -0.164600 0.048400 0.116200
3 -0.036600 -0.011000 0.047600
3 -0.190533 0.068133 0.122400
3 -0.305333 0.096400 0.208933
3 -0.005200 -0.001533 0.006733
3 -0.150467 0.049200 0.101267
3 -0.167600 0.042000 0.125600
3 -0.067333 0.017600 0.049733
3 -0.166867 0.037400 0.129467
3 -0.183000 0.065733 0.117267
3 -0.188933 0.057200 0.131733
3 -0.167800 0.035800 0.132000
3 -0.155267 0.050600 0.104667
3 -0.008667 -0.021533 0.030200
3 -0.031733 0.008933 0.022800
3 -0.042867 0.002733 0.040133
3 -0.002933 0.000933 0.002000
2 -0.011733 0.007800 0.003933
3 -0.022467 0.002867 0.019600
1 0.001133 -0.001800 0.000667
3 -0.080800 -0.007733 0.088533
3 -0.003600 0.001467 0.002133
3 -0.192600 0.054667 0.137933
3 -0.043067 0.009600 0.033467
3 -0.008733 -0.006000 0.014733
3 -0.034933 0.003467 0.031467
3 -0.160933 0.051333 0.109600
3 -0.008733 -0.000333 0.009067
3 -0.170400 0.049867 0.120533
3 -0.041467 -0.030200 0.071667
3 -0.011267 -0.000600 0.011867
3 -0.018667 0.005133 0.013533
3 -0.325333 0.101733 0.223600
3 -0.165600 0.040467 0.125133
3 -0.074733 0.026800 0.047933
3 -0.177867 0.052267 0.125600
3 -0.029333 0.010800 0.018533
3 -0.003867 0.001600 0.002267
3 -0.034533 0.009933 0.024600
3 -0.011867 0.005133 0.006733
3 -0.151400 0.041933 0.109467
3 -0.025467 0.005533 0.019933
3 -0.034533 0.009933 0.024600
3 -0.011600 0.000267 0.011333
3 -0.003867 0.001600 0.002267
3 -0.169267 0.042267 0.127000
3 -0.150467 0.049267 0.101200
3 -0.009867 -0.000533 0.010400
3 -0.034800 0.012533 0.022267
3 -0.025133 -0.011400 0.036533
3 -0.156933 0.049067 0.107867
3 -0.158467 0.047933 0.110533
3 -0.037333 0.005600 0.031733
3 -0.011800 -0.010067 0.021867
3 0.001867 -0.007600 0.005733
3 -0.017267 -0.005333 0.022600
3 -0.168400 0.050267 0.118133
3 -0.302533 0.099733 0.202800
3 -0.470267 0.148200 0.322067
3 -0.014533 -0.001533 0.016067
3 -0.174333 0.056400 0.117933
3 -0.024000 0.004933 0.019067
3 -0.077933 0.022600 0.055333
3 -0.020933 -0.014867 0.035800
3 -0.149600 0.048267 0.101333
3 -0.323400 0.084200 0.239200
3 -0.051533 0.010933 0.040600
3 -0.165600 0.055200 0.110400
