1 0.946300 -0.946300
2 -0.397600 0.397600
1 0.515100 -0.515100
1 0.000200 -0.000200
1 0.515500 -0.515500
2 -0.084100 0.084100
1 0.000000 0.000000
2 -0.084100 0.084100
1 2.576000 -2.576000
2 -0.000200 0.000200
1 0.515200 -0.515200
1 2.491900 -2.491900
1 2.576000 -2.576000
2 -0.795400 0.795400
1 1.546400 -1.546400
1 2.580700 -2.580700
1 0.587700 -0.587700
1 1.545600 -1.545600
1 1.031500 -1.031500
1 0.117500 -0.117500
2 -0.879600 0.879600
1 2.178300 -2.178300
1 0.515200 -0.515200
1 1.545800 -1.545800
2 -0.000600 0.000600
1 0.000000 0.000000
1 0.587600 -0.587600
1 1.030400 -1.030400
1 1.030900 -1.030900
1 0.750200 -0.750200
1 0.000000 0.000000
1 1.030400 -1.030400
1 2.060600 -2.060600
1 0.515200 -0.515200
2 -0.162800 0.162800
1 0.000200 -0.000200
2 -0.084100 0.084100
2 -0.958100 0.958100
1 1.030400 -1.030400
2 -0.000100 0.000100
1 2.576000 -2.576000
2 -0.000100 0.000100
1 2.060200 -2.060200
1 1.030800 -1.030800
1 1.545600 -1.545600
1 1.545600 -1.545600
1 0.000200 -0.000200
1 2.060800 -2.060800
1 0.000000 0.000000
1 1.031300 -1.031300
1 0.000400 -0.000400
1 2.577400 -2.577400
1 1.780700 -1.780700
1 2.577000 -2.577000
2 -0.397700 0.397700
2 -0.084300 0.084300
1 0.515400 -0.515400
1 0.001700 -0.001700
1 1.383900 -1.383900
1 2.576000 -2.576000
1 0.515200 -0.515200
2 -0.481800 0.481800
1 0.002300 -0.002300
1 2.578200 -2.578200
1 2.578800 -2.578800
1 1.147800 -1.147800
1 0.000000 0.000000
1 2.178400 -2.178400
1 1.147900 -1.147900
1 1.030400 -1.030400
2 -0.000200 0.000200
1 1.030400 -1.030400
1 1.031700 -1.031700
1 1.030500 -1.030500
1 2.576000 -2.576000
1 2.576000 -2.576000
1 0.000000 0.000000
1 2.066300 -2.066300
1 2.576100 -2.576100
1 1.030400 -1.030400
1 2.178300 -2.178300
1 0.515200 -0.515200
1 2.576800 -2.576800
1 2.576000 -2.576000
1 1.545600 -1.545600
1 1.545600 -1.545600
2 -0.001800 0.001800
1 0.000000 0.000000
1 0.000000 0.000000
1 0.515200 -0.515200
2 -0.084100 0.084100
1 2.069300 -2.069300
1 1.545700 -1.545700
1 0.518600 -0.518600
1 0.118500 -0.118500
2 -0.168200 0.168200
1 2.576000 -2.576000
1 0.000000 0.000000
1 2.178300 -2.178300
1 0.000000 0.000000
1 0.515200 -0.515200
1 0.946300 -0.946300
1 0.000000 0.000000
1 1.377400 -1.377400
1 1.030600 -1.030600
1 0.752500 -0.752500
1 2.580000 -2.580000
1 2.178300 -2.178300
1 0.000000 0.000000
1 0.000000 0.000000
1 0.946300 -0.946300
1 2.495500 -2.495500
1 2.178600 -2.178600
1 0.515200 -0.515200
1 0.000000 0.000000
2 -0.795400 0.795400
1 0.515200 -0.515200
1 2.576600 -2.576600
1 2.060900 -2.060900
2 -0.168200 0.168200
1 1.548600 -1.548600
1 0.985200 -0.985200
1 2.178600 -2.178600
1 0.117500 -0.117500
1 0.587600 -0.587600
1 0.515200 -0.515200
1 1.024800 -1.024800
1 1.545900 -1.545900
1 0.516900 -0.516900
1 2.060800 -2.060800
1 0.000400 -0.000400
1 1.031100 -1.031100
1 1.025000 -1.025000
1 0.515200 -0.515200
1 0.000900 -0.000900
1 1.545600 -1.545600
1 0.000000 0.000000
1 0.979500 -0.979500
1 2.178300 -2.178300
1 0.000000 0.000000
1 0.000000 0.000000
1 2.178300 -2.178300
1 1.545600 -1.545600
2 -0.162700 0.162700
1 0.000000 0.000000
2 -0.795400 0.795400
1 1.029800 -1.029800
2 -1.590800 1.590800
1 0.000100 -0.000100
1 2.179000 -2.179000
1 0.000000 0.000000
1 0.118100 -0.118100
2 -0.082200 0.082200
1 0.515200 -0.515200
2 -0.397900 0.397900
2 -0.397700 0.397700
1 0.001000 -0.001000
1 1.546500 -1.546500
1 2.576200 -2.576200
1 1.032000 -1.032000
1 1.147900 -1.147900
1 0.515200 -0.515200
1 1.780600 -1.780600
1 1.545600 -1.545600
1 2.576100 -2.576100
1 0.000000 0.000000
1 2.578000 -2.578000
1 2.576000 -2.576000
1 1.032000 -1.032000
1 0.515200 -0.515200
1 0.000000 0.000000
1 0.750300 -0.750300
1 0.515200 -0.515200
1 2.061400 -2.061400
1 0.000500 -0.000500
2 -0.000500 0.000500
1 0.000000 0.000000
1 0.632800 -0.632800
2 -0.000300 0.000300
2 -0.442900 0.442900
1 1.461500 -1.461500
1 0.000000 0.000000
1 0.000000 0.000000
2 -0.162700 0.162700
1 0.000000 0.000000
1 1.030300 -1.030300
1 0.515200 -0.515200
1 0.000700 -0.000700
1 0.000000 0.000000
1 2.576000 -2.576000
2 -1.075600 1.075600
2 -0.280200 0.280200
1 1.545700 -1.545700
1 0.000000 0.000000
1 1.030400 -1.030400
1 2.060800 -2.060800
1 1.461500 -1.461500
1 2.576000 -2.576000
1 0.633000 -0.633000
2 -0.084100 0.084100
1 0.632700 -0.632700
1 0.586500 -0.586500
1 0.000100 -0.000100
1 0.000000 0.000000
1 1.545600 -1.545600
1 1.030400 -1.030400
1 0.000000 0.000000
2 -1.988500 1.988500
2 -0.084100 0.084100
1 0.946400 -0.946400
1 0.000000 0.000000
1 0.000200 -0.000200
2 -1.473100 1.473100
1 0.117400 -0.117400
1 0.000000 0.000000
1 1.545600 -1.545600
2 -0.280200 0.280200
1 1.545600 -1.545600
1 1.033800 -1.033800
1 0.000000 0.000000
1 2.575900 -2.575900
1 0.433500 -0.433500
2 -0.084100 0.084100
1 0.000000 0.000000
1 0.000000 0.000000
2 -1.193100 1.193100
1 0.587600 -0.587600
1 1.377400 -1.377400
1 0.000000 0.000000
1 2.178300 -2.178300
1 0.587700 -0.587700
1 1.030400 -1.030400
1 2.179400 -2.179400
2 -1.988500 1.988500
1 0.516400 -0.516400
2 -0.000100 0.000100
1 1.545600 -1.545600
1 1.383000 -1.383000
1 0.947200 -0.947200
2 -0.397800 0.397800
1 0.000000 0.000000
1 0.000000 0.000000
1 0.515200 -0.515200
1 0.235000 -0.235000
2 -0.084100 0.084100
2 -0.045200 0.045200
1 2.580700 -2.580700
1 1.976700 -1.976700
1 0.515800 -0.515800
1 0.634000 -0.634000
1 2.579900 -2.579900
2 -0.280100 0.280100
1 0.515200 -0.515200
1 0.632700 -0.632700
1 0.750200 -0.750200
2 -0.084000 0.084000
1 2.491900 -2.491900
2 -0.000100 0.000100
1 0.000000 0.000000
2 -0.397600 0.397600
1 1.148200 -1.148200
1 2.576000 -2.576000
1 0.002300 -0.002300
1 1.546000 -1.546000
1 0.000000 0.000000
1 1.030300 -1.030300
1 0.990400 -0.990400
1 2.178300 -2.178300
1 0.000000 0.000000
1 0.000000 0.000000
1 0.000000 0.000000
1 1.030400 -1.030400
1 0.000200 -0.000200
1 1.461600 -1.461600
2 -0.000100 0.000100
1 0.000000 0.000000
1 1.147800 -1.147800
1 2.178300 -2.178300
1 0.001500 -0.001500
1 2.576800 -2.576800
1 1.147900 -1.147900
1 1.545400 -1.545400
1 2.576000 -2.576000
1 0.548600 -0.548600
2 -0.084100 0.084100
1 0.034800 -0.034800
1 0.985200 -0.985200
1 0.000000 0.000000
1 0.515200 -0.515200
2 -1.591200 1.591200
1 2.576800 -2.576800
1 0.000000 0.000000
1 1.780900 -1.780900
1 0.000000 0.000000
1 1.461500 -1.461500
1 1.030500 -1.030500
2 -0.397700 0.397700
1 1.030900 -1.030900
1 1.030400 -1.030400
1 1.030400 -1.030400
1 1.030400 -1.030400
2 -0.084100 0.084100
1 2.580100 -2.580100
1 2.576000 -2.576000
1 0.002600 -0.002600
1 1.030400 -1.030400
1 0.000000 0.000000
1 0.946300 -0.946300
1 2.577800 -2.577800
1 0.000100 -0.000100
1 1.382900 -1.382900
1 2.576000 -2.576000
1 0.000000 0.000000
2 -0.000100 0.000100
1 2.580100 -2.580100
1 1.030500 -1.030500
1 1.030400 -1.030400
1 2.580700 -2.580700
1 0.587500 -0.587500
2 -0.000100 0.000100
1 0.000000 0.000000
1 0.000000 0.000000
1 1.030400 -1.030400
1 2.178300 -2.178300
1 0.117500 -0.117500
1 0.515200 -0.515200
1 0.515200 -0.515200
1 1.148400 -1.148400
1 0.000000 0.000000
1 0.431100 -0.431100
1 0.000000 0.000000
1 0.352500 -0.352500
1 0.000100 -0.000100
1 0.516900 -0.516900
1 0.515200 -0.515200
2 -0.000200 0.000200
1 1.545900 -1.545900
1 1.030400 -1.030400
1 1.031800 -1.031800
1 0.000000 0.000000
1 1.545800 -1.545800
1 1.545600 -1.545600
1 1.147900 -1.147900
1 0.000000 0.000000
2 -0.084100 0.084100
1 1.545700 -1.545700
2 -0.795400 0.795400
1 0.862200 -0.862200
1 0.000000 0.000000
1 1.030300 -1.030300
1 1.298800 -1.298800
1 0.000100 -0.000100
1 0.000100 -0.000100
1 0.000000 0.000000
1 0.515200 -0.515200
2 -0.000100 0.000100
1 0.000000 0.000000
1 2.060800 -2.060800
2 -0.084100 0.084100
1 1.030400 -1.030400
1 0.666100 -0.666100
1 2.575900 -2.575900
2 -0.000200 0.000200
1 1.130600 -1.130600
1 0.587500 -0.587500
1 0.000700 -0.000700
1 0.000000 0.000000
1 1.547300 -1.547300
1 0.000000 0.000000
1 0.515200 -0.515200
2 -1.988600 1.988600
1 0.000000 0.000000
1 0.515200 -0.515200
2 -0.525500 0.525500
1 0.001900 -0.001900
1 0.000000 0.000000
1 0.000000 0.000000
1 0.000000 0.000000
1 0.514900 -0.514900
1 0.117500 -0.117500
1 0.000000 0.000000
1 2.576000 -2.576000
1 2.577100 -2.577100
1 0.117800 -0.117800
2 -0.000100 0.000100
2 -0.084100 0.084100
1 1.546300 -1.546300
1 0.000000 0.000000
1 1.030700 -1.030700
1 0.000000 0.000000
1 0.000000 0.000000
1 0.033400 -0.033400
1 1.035000 -1.035000
1 1.780800 -1.780800
1 2.491900 -2.491900
2 -0.677900 0.677900
1 0.515200 -0.515200
1 1.545900 -1.545900
1 2.178400 -2.178400
2 -0.364300 0.364300
1 2.574300 -2.574300
2 -0.084100 0.084100
1 1.030500 -1.030500
1 0.000000 0.000000
2 -1.988600 1.988600
1 2.581100 -2.581100
1 1.030400 -1.030400
1 0.515000 -0.515000
1 0.587700 -0.587700
1 0.985500 -0.985500
1 0.000000 0.000000
2 -0.084100 0.084100
1 2.179000 -2.179000
1 0.000100 -0.000100
2 -0.084100 0.084100
2 -0.443000 0.443000
1 0.431600 -0.431600
2 -1.473400 1.473400
1 2.060800 -2.060800
1 2.179300 -2.179300
1 1.545600 -1.545600
1 0.000000 0.000000
1 0.000300 -0.000300
1 0.000000 0.000000
2 -0.795400 0.795400
2 -0.000300 0.000300
1 0.000000 0.000000
1 0.000000 0.000000
1 0.235000 -0.235000
1 1.545600 -1.545600
1 0.000200 -0.000200
1 1.030600 -1.030600
1 0.515200 -0.515200
1 0.116700 -0.116700
1 1.030400 -1.030400
2 -0.396500 0.396500
2 -0.000700 0.000700
1 1.030400 -1.030400
1 1.545600 -1.545600
1 0.000000 0.000000
1 0.587800 -0.587800
1 2.576000 -2.576000
1 1.030400 -1.030400
2 -0.006900 0.006900
1 0.235000 -0.235000
1 0.515200 -0.515200
1 1.545500 -1.545500
1 2.061800 -2.061800
1 0.000000 0.000000
1 0.515300 -0.515300
1 2.576000 -2.576000
1 0.515200 -0.515200
1 0.515200 -0.515200
1 0.946600 -0.946600
1 1.545600 -1.545600
1 0.000000 0.000000
1 2.576000 -2.576000
1 1.545500 -1.545500
2 -0.397700 0.397700
2 -0.963600 0.963600
1 0.000000 0.000000
1 0.516900 -0.516900
1 0.000000 0.000000
1 0.587600 -0.587600
2 -0.795400 0.795400
1 0.503500 -0.503500
1 1.030400 -1.030400
1 0.000000 0.000000
1 0.000000 0.000000
1 2.576000 -2.576000
2 -0.000100 0.000100
1 0.515200 -0.515200
1 1.545600 -1.545600
1 0.985600 -0.985600
1 0.001500 -0.001500
1 2.575700 -2.575700
2 -0.397800 0.397800
1 0.235000 -0.235000
1 0.000000 0.000000
1 0.587100 -0.587100
1 0.945900 -0.945900
2 -0.168200 0.168200
1 0.632700 -0.632700
1 2.576000 -2.576000
1 1.147900 -1.147900
1 2.580200 -2.580200
1 2.575900 -2.575900
1 1.461500 -1.461500
1 1.545600 -1.545600
2 -1.193100 1.193100
1 0.000000 0.000000
2 -0.168200 0.168200
1 0.001600 -0.001600
1 0.000000 0.000000
1 1.030700 -1.030700
1 1.147900 -1.147900
1 2.576000 -2.576000
1 0.352500 -0.352500
2 -0.280200 0.280200
2 -0.000300 0.000300
1 0.515200 -0.515200
2 -0.677900 0.677900
1 2.576200 -2.576200
1 1.030400 -1.030400
1 0.000000 0.000000
1 0.587600 -0.587600
2 -0.045200 0.045200
1 1.030400 -1.030400
1 2.576000 -2.576000
1 0.000000 0.000000
1 1.545700 -1.545700
1 0.352500 -0.352500
1 0.515200 -0.515200
2 -0.000300 0.000300
1 1.149000 -1.149000
1 0.000000 0.000000
1 0.587500 -0.587500
1 1.027100 -1.027100
1 0.587500 -0.587500
1 0.517100 -0.517100
1 0.588000 -0.588000
2 -0.000200 0.000200
1 0.587500 -0.587500
1 1.265400 -1.265400
1 1.383800 -1.383800
2 -0.678500 0.678500
1 1.030800 -1.030800
1 1.030700 -1.030700
2 -1.988300 1.988300
1 1.383600 -1.383600
1 0.000000 0.000000
1 0.503400 -0.503400
1 2.576000 -2.576000
2 -0.397700 0.397700
1 0.000000 0.000000
1 1.696500 -1.696500
1 2.177100 -2.177100
1 0.000000 0.000000
2 -0.795800 0.795800
1 0.000000 0.000000
1 1.030400 -1.030400
2 -0.083800 0.083800
1 1.546600 -1.546600
1 0.589300 -0.589300
1 0.515800 -0.515800
1 0.001500 -0.001500
2 -0.877600 0.877600
1 1.030700 -1.030700
1 0.000100 -0.000100
1 0.946600 -0.946600
1 2.178300 -2.178300
2 -0.084100 0.084100
2 -0.168200 0.168200
1 0.515200 -0.515200
2 -0.795400 0.795400
1 1.030400 -1.030400
1 0.515200 -0.515200
1 0.000000 0.000000
1 2.577600 -2.577600
1 0.946300 -0.946300
1 2.576000 -2.576000
1 0.000000 0.000000
1 0.000000 0.000000
1 0.000000 0.000000
1 1.030800 -1.030800
1 0.515200 -0.515200
2 -1.988500 1.988500
1 0.000000 0.000000
1 0.751100 -0.751100
1 0.000000 0.000000
2 -0.162600 0.162600
1 0.000000 0.000000
1 0.515200 -0.515200
1 2.407800 -2.407800
2 -0.084100 0.084100
2 -0.000100 0.000100
1 2.178300 -2.178300
1 0.431100 -0.431100
1 0.072300 -0.072300
1 0.469900 -0.469900
1 1.030400 -1.030400
1 2.576000 -2.576000
1 0.117800 -0.117800
1 0.587300 -0.587300
1 2.580200 -2.580200
2 -0.000100 0.000100
2 -0.795200 0.795200
1 1.147900 -1.147900
2 -0.084100 0.084100
1 0.515300 -0.515300
1 0.352500 -0.352500
2 -1.988500 1.988500
1 0.515200 -0.515200
1 1.461800 -1.461800
2 -0.280200 0.280200
1 1.545500 -1.545500
1 0.000000 0.000000
1 2.576000 -2.576000
1 2.178400 -2.178400
1 0.515300 -0.515300
1 1.545600 -1.545600
2 -0.000100 0.000100
2 -0.795400 0.795400
1 1.545600 -1.545600
1 0.235000 -0.235000
2 -1.590800 1.590800
1 0.000000 0.000000
1 1.030400 -1.030400
2 -1.988500 1.988500
1 0.000000 0.000000
2 -0.000900 0.000900
1 0.117500 -0.117500
1 1.028800 -1.028800
1 1.384700 -1.384700
1 0.431100 -0.431100
1 0.000000 0.000000
1 0.000000 0.000000
1 0.000000 0.000000
1 0.515200 -0.515200
1 0.000100 -0.000100
1 0.352500 -0.352500
1 0.268400 -0.268400
1 1.147900 -1.147900
1 2.576800 -2.576800
1 0.517400 -0.517400
1 2.060800 -2.060800
1 2.576000 -2.576000
1 2.069300 -2.069300
1 2.576100 -2.576100
2 -0.168400 0.168400
1 0.518100 -0.518100
1 2.069300 -2.069300
1 2.178400 -2.178400
1 0.000000 0.000000
2 -0.000200 0.000200
1 0.000000 0.000000
1 0.946400 -0.946400
1 2.060900 -2.060900
2 -0.795400 0.795400
1 1.030400 -1.030400
2 -0.000800 0.000800
1 1.780600 -1.780600
1 2.576100 -2.576100
1 0.000300 -0.000300
1 2.178100 -2.178100
1 0.000000 0.000000
1 1.148300 -1.148300
1 0.431100 -0.431100
1 2.576200 -2.576200
1 0.587600 -0.587600
1 0.632900 -0.632900
1 0.587100 -0.587100
1 0.515200 -0.515200
1 2.061700 -2.061700
1 1.030900 -1.030900
1 0.000000 0.000000
1 0.002300 -0.002300
1 0.000100 -0.000100
1 0.515600 -0.515600
1 0.000000 0.000000
1 2.061200 -2.061200
1 2.178300 -2.178300
1 1.030400 -1.030400
1 1.030400 -1.030400
1 0.000100 -0.000100
1 1.382900 -1.382900
1 2.576000 -2.576000
2 -0.397700 0.397700
2 -0.794300 0.794300
1 1.781100 -1.781100
1 2.178300 -2.178300
1 0.515200 -0.515200
2 -0.397700 0.397700
1 1.035400 -1.035400
1 2.062100 -2.062100
1 0.517600 -0.517600
1 0.988600 -0.988600
1 0.235000 -0.235000
1 2.576000 -2.576000
1 0.000000 0.000000
1 0.515300 -0.515300
1 0.515300 -0.515300
2 -0.084300 0.084300
1 0.503200 -0.503200
1 0.000000 0.000000
1 1.030400 -1.030400
1 0.000000 0.000000
1 0.587100 -0.587100
1 1.030700 -1.030700
1 1.030400 -1.030400
1 0.000000 0.000000
1 0.518900 -0.518900
2 -0.132200 0.132200
1 2.576000 -2.576000
1 0.000000 0.000000
1 2.576500 -2.576500
1 0.515900 -0.515900
1 0.946600 -0.946600
2 -0.000500 0.000500
1 1.030500 -1.030500
1 0.000100 -0.000100
1 0.515200 -0.515200
1 0.431100 -0.431100
1 0.000000 0.000000
1 0.000000 0.000000
1 2.061500 -2.061500
1 2.576000 -2.576000
1 2.576000 -2.576000
1 0.000000 0.000000
1 2.094200 -2.094200
1 2.580700 -2.580700
1 2.579700 -2.579700
2 -0.504600 0.504600
1 0.000000 0.000000
1 2.580800 -2.580800
1 0.000000 0.000000
1 0.587500 -0.587500
1 0.000000 0.000000
1 1.030500 -1.030500
1 2.178300 -2.178300
1 0.000000 0.000000
2 -0.000100 0.000100
2 -0.336400 0.336400
1 0.431100 -0.431100
2 -0.560400 0.560400
1 0.632700 -0.632700
2 -1.193100 1.193100
1 2.576800 -2.576800
1 1.545600 -1.545600
1 2.576000 -2.576000
1 1.545600 -1.545600
1 0.946300 -0.946300
1 0.001200 -0.001200
1 0.000000 0.000000
1 2.576600 -2.576600
1 0.000000 0.000000
2 -0.397900 0.397900
1 0.515200 -0.515200
2 -0.000500 0.000500
1 2.578000 -2.578000
1 0.000000 0.000000
1 0.000200 -0.000200
1 0.516600 -0.516600
1 0.518300 -0.518300
1 2.178700 -2.178700
1 2.060600 -2.060600
1 1.545600 -1.545600
1 0.000000 0.000000
1 0.000000 0.000000
1 0.000000 0.000000
1 0.000000 0.000000
1 0.000000 0.000000
1 0.515200 -0.515200
1 0.587500 -0.587500
1 1.545200 -1.545200
1 1.030300 -1.030300
1 2.178300 -2.178300
2 -0.000100 0.000100
1 1.298800 -1.298800
1 1.545600 -1.545600
1 0.515200 -0.515200
1 1.030300 -1.030300
1 2.576000 -2.576000
1 0.000000 0.000000
1 2.060800 -2.060800
1 1.545600 -1.545600
1 0.985200 -0.985200
1 0.000000 0.000000
1 1.030300 -1.030300
2 -0.084100 0.084100
1 0.000000 0.000000
1 2.178300 -2.178300
1 0.000500 -0.000500
1 2.576000 -2.576000
2 -0.084100 0.084100
1 0.000000 0.000000
1 0.000000 0.000000
1 2.060900 -2.060900
1 0.000100 -0.000100
1 1.030400 -1.030400
2 -1.988600 1.988600
1 0.000000 0.000000
1 0.117500 -0.117500
1 1.030400 -1.030400
1 0.000000 0.000000
1 2.491800 -2.491800
1 1.027300 -1.027300
2 -0.168000 0.168000
1 0.000000 0.000000
1 1.545300 -1.545300
1 0.515200 -0.515200
1 1.030400 -1.030400
1 0.000000 0.000000
1 1.545600 -1.545600
1 1.780600 -1.780600
1 0.000000 0.000000
1 1.784000 -1.784000
1 1.548900 -1.548900
1 2.577400 -2.577400
1 1.545600 -1.545600
1 1.030800 -1.030800
1 0.000300 -0.000300
1 1.546200 -1.546200
1 2.181900 -2.181900
2 -0.084100 0.084100
2 -0.000100 0.000100
2 -0.000100 0.000100
1 0.515200 -0.515200
1 0.117500 -0.117500
1 2.576000 -2.576000
1 1.027600 -1.027600
1 0.000000 0.000000
1 2.576100 -2.576100
1 2.576000 -2.576000
1 2.576500 -2.576500
2 -0.280300 0.280300
2 -0.000600 0.000600
1 0.000000 0.000000
1 0.000000 0.000000
1 0.515200 -0.515200
1 0.946300 -0.946300
1 0.000000 0.000000
1 2.576900 -2.576900
1 0.515300 -0.515300
1 0.000000 0.000000
1 2.178300 -2.178300
1 1.545600 -1.545600
1 2.407800 -2.407800
1 2.576700 -2.576700
1 2.178300 -2.178300
1 1.545600 -1.545600
1 0.002300 -0.002300
1 0.000000 0.000000
1 0.000000 0.000000
1 2.580700 -2.580700
1 2.576000 -2.576000
1 1.298800 -1.298800
1 0.001600 -0.001600
1 0.587500 -0.587500
1 0.000000 0.000000
1 2.576300 -2.576300
1 1.547500 -1.547500
1 0.001100 -0.001100
1 0.515200 -0.515200
1 0.117500 -0.117500
1 1.147900 -1.147900
1 0.515200 -0.515200
1 0.000000 0.000000
1 0.751400 -0.751400
1 0.000600 -0.000600
1 0.000000 0.000000
1 2.178300 -2.178300
1 0.000100 -0.000100
1 2.178300 -2.178300
2 -1.192900 1.192900
1 2.576100 -2.576100
1 0.000000 0.000000
1 1.031200 -1.031200
1 1.031000 -1.031000
1 0.000100 -0.000100
1 2.575500 -2.575500
1 1.545600 -1.545600
2 -0.162600 0.162600
1 2.576000 -2.576000
1 1.030400 -1.030400
1 0.000000 0.000000
1 2.576900 -2.576900
1 0.000000 0.000000
1 1.545700 -1.545700
1 0.632700 -0.632700
1 0.000000 0.000000
2 -0.000400 0.000400
1 0.000100 -0.000100
1 0.515200 -0.515200
2 -0.397800 0.397800
1 1.545600 -1.545600
1 0.517600 -0.517600
1 1.030000 -1.030000
1 0.000000 0.000000
1 1.545600 -1.545600
1 2.576000 -2.576000
1 0.000000 0.000000
1 0.000000 0.000000
1 0.000000 0.000000
1 2.576000 -2.576000
1 0.000000 0.000000
2 -0.084100 0.084100
1 1.031100 -1.031100
1 0.000000 0.000000
1 2.178700 -2.178700
1 0.000600 -0.000600
1 2.491900 -2.491900
1 0.000000 0.000000
1 1.545600 -1.545600
1 2.178300 -2.178300
1 2.576700 -2.576700
1 0.518200 -0.518200
1 2.576600 -2.576600
1 0.000000 0.000000
1 0.000000 0.000000
1 1.030300 -1.030300
1 1.545600 -1.545600
1 1.031100 -1.031100
2 -0.000100 0.000100
1 0.867500 -0.867500
2 -0.397600 0.397600
1 0.587500 -0.587500
1 2.576100 -2.576100
1 0.632800 -0.632800
1 0.503000 -0.503000
1 0.000000 0.000000
1 1.031000 -1.031000
1 2.576000 -2.576000
1 0.000500 -0.000500
1 0.515200 -0.515200
1 0.000000 0.000000
1 0.116900 -0.116900
2 -0.000100 0.000100
1 2.576000 -2.576000
1 2.094200 -2.094200
1 1.031100 -1.031100
1 1.545600 -1.545600
1 0.000000 0.000000
1 0.000000 0.000000
1 1.030400 -1.030400
1 2.576000 -2.576000
1 0.000000 0.000000
1 0.587500 -0.587500
2 -0.397700 0.397700
1 0.118700 -0.118700
1 0.515000 -0.515000
1 0.000000 0.000000
1 1.461500 -1.461500
1 0.000000 0.000000
1 0.000000 0.000000
1 2.407800 -2.407800
2 -0.397700 0.397700
1 2.576100 -2.576100
1 0.632700 -0.632700
1 1.030400 -1.030400
1 2.060800 -2.060800
1 0.000000 0.000000
1 2.579600 -2.579600
1 1.147900 -1.147900
1 2.577100 -2.577100
1 1.780800 -1.780800
1 0.000000 0.000000
1 2.491700 -2.491700
2 -1.192900 1.192900
1 1.030800 -1.030800
1 2.577100 -2.577100
1 0.632700 -0.632700
1 2.580900 -2.580900
1 2.178400 -2.178400
1 0.000000 0.000000
1 2.179300 -2.179300
1 2.575500 -2.575500
1 0.000500 -0.000500
1 2.576000 -2.576000
1 1.031000 -1.031000
1 0.000000 0.000000
1 2.576000 -2.576000
2 -0.082000 0.082000
2 -0.168200 0.168200
1 1.030400 -1.030400
1 0.515200 -0.515200
1 0.000000 0.000000
1 0.000100 -0.000100
1 2.178300 -2.178300
1 1.545600 -1.545600
2 -0.248800 0.248800
2 -0.795600 0.795600
1 0.000000 0.000000
1 2.576400 -2.576400
1 0.000000 0.000000
1 1.545800 -1.545800
1 1.030400 -1.030400
2 -0.795400 0.795400
2 -0.397700 0.397700
1 1.148100 -1.148100
2 -1.988500 1.988500
1 0.000000 0.000000
1 0.000000 0.000000
1 1.030800 -1.030800
1 1.545600 -1.545600
1 2.178700 -2.178700
1 2.576000 -2.576000
2 -1.473300 1.473300
1 0.000200 -0.000200
1 1.030500 -1.030500
1 0.000200 -0.000200
1 0.235500 -0.235500
1 1.545600 -1.545600
1 0.515400 -0.515400
1 2.576000 -2.576000
1 0.000200 -0.000200
1 0.515400 -0.515400
1 1.147900 -1.147900
1 1.461500 -1.461500
1 0.515200 -0.515200
2 -0.084100 0.084100
2 -0.084100 0.084100
2 -1.988500 1.988500
1 0.515200 -0.515200
2 -0.560400 0.560400
1 2.575700 -2.575700
1 0.000000 0.000000
2 -0.879500 0.879500
1 0.515200 -0.515200
1 1.028600 -1.028600
2 -0.084100 0.084100
2 -0.397700 0.397700
2 -0.397700 0.397700
2 -0.397400 0.397400
1 2.575500 -2.575500
2 -1.473300 1.473300
2 -1.473300 1.473300
1 0.431100 -0.431100
2 -0.000200 0.000200
1 0.588100 -0.588100
1 1.299000 -1.299000
1 0.000000 0.000000
1 0.946600 -0.946600
2 -0.397700 0.397700
2 -0.002300 0.002300
2 -0.084100 0.084100
1 0.587500 -0.587500
1 1.545600 -1.545600
1 1.545600 -1.545600
1 1.544600 -1.544600
1 0.504900 -0.504900
1 1.030400 -1.030400
2 -1.194100 1.194100
2 -0.958200 0.958200
2 -1.075600 1.075600
1 1.030300 -1.030300
1 1.031000 -1.031000
1 0.117500 -0.117500
2 -0.795400 0.795400
2 -0.084100 0.084100
1 1.545600 -1.545600
1 0.515200 -0.515200
1 0.000000 0.000000
2 -0.398800 0.398800
1 1.545300 -1.545300
1 1.029000 -1.029000
1 1.030400 -1.030400
1 1.545600 -1.545600
1 1.545800 -1.545800
2 -0.442900 0.442900
1 2.178300 -2.178300
2 -0.000100 0.000100
1 0.000000 0.000000
1 1.030400 -1.030400
1 0.000000 0.000000
1 1.147900 -1.147900
1 2.576000 -2.576000
1 0.512000 -0.512000
1 2.576100 -2.576100
1 0.515200 -0.515200
2 -0.084100 0.084100
1 2.576000 -2.576000
1 2.060800 -2.060800
2 -0.084100 0.084100
1 1.545600 -1.545600
2 -2.072600 2.072600
1 1.545600 -1.545600
1 2.576000 -2.576000
1 2.492000 -2.492000
2 -0.163000 0.163000
2 -0.000100 0.000100
1 2.576000 -2.576000
1 0.000000 0.000000
2 -0.001600 0.001600
1 1.030400 -1.030400
1 1.030400 -1.030400
1 0.511200 -0.511200
2 -0.001000 0.001000
1 2.178300 -2.178300
1 0.000000 0.000000
2 -0.001000 0.001000
1 0.000000 0.000000
1 1.028300 -1.028300
1 0.431100 -0.431100
1 2.576000 -2.576000
1 0.515400 -0.515400
1 1.029800 -1.029800
1 0.000000 0.000000
1 1.028900 -1.028900
1 0.515200 -0.515200
1 0.234900 -0.234900
1 0.000000 0.000000
1 0.000000 0.000000
1 0.515300 -0.515300
1 2.178300 -2.178300
2 -1.075600 1.075600
1 1.545700 -1.545700
2 -0.084100 0.084100
1 0.000000 0.000000
2 -0.397700 0.397700
1 0.515200 -0.515200
1 0.515200 -0.515200
1 1.545600 -1.545600
1 1.543900 -1.543900
2 -0.797000 0.797000
1 2.575900 -2.575900
1 1.029600 -1.029600
1 0.000000 0.000000
1 0.000000 0.000000
1 1.545600 -1.545600
1 0.000000 0.000000
2 -0.000500 0.000500
1 0.000000 0.000000
1 1.545600 -1.545600
1 0.000000 0.000000
2 -1.193100 1.193100
1 1.976700 -1.976700
2 -0.879700 0.879700
1 0.000200 -0.000200
2 -0.000200 0.000200
1 0.513000 -0.513000
2 -0.001100 0.001100
1 0.000000 0.000000
1 0.000000 0.000000
1 0.000100 -0.000100
1 0.946400 -0.946400
1 2.491900 -2.491900
1 0.431100 -0.431100
2 -2.072600 2.072600
2 -0.678200 0.678200
2 -0.084100 0.084100
1 0.117600 -0.117600
1 0.515200 -0.515200
1 0.000000 0.000000
1 0.750200 -0.750200
2 -1.075600 1.075600
1 2.060800 -2.060800
1 1.780600 -1.780600
1 0.431100 -0.431100
2 -1.590800 1.590800
2 -1.075600 1.075600
1 0.184300 -0.184300
1 0.947200 -0.947200
1 0.001400 -0.001400
2 -1.159500 1.159500
1 1.030300 -1.030300
1 1.382900 -1.382900
1 0.515200 -0.515200
1 1.545600 -1.545600
1 2.056200 -2.056200
2 -1.988500 1.988500
1 2.178000 -2.178000
2 -0.084100 0.084100
1 0.515200 -0.515200
2 -1.988500 1.988500
1 2.576000 -2.576000
1 0.632700 -0.632700
1 2.576000 -2.576000
1 0.515200 -0.515200
1 1.545600 -1.545600
2 -1.988500 1.988500
2 -0.084100 0.084100
2 -0.084100 0.084100
1 0.515000 -0.515000
1 0.117500 -0.117500
1 1.214600 -1.214600
1 0.000000 0.000000
1 0.000000 0.000000
1 1.544900 -1.544900
1 1.030400 -1.030400
2 -0.397700 0.397700
1 0.514800 -0.514800
1 2.575500 -2.575500
1 1.030400 -1.030400
1 1.382900 -1.382900
1 0.000000 0.000000
1 0.000000 0.000000
1 0.000000 0.000000
1 0.117200 -0.117200
1 1.030400 -1.030400
1 1.663100 -1.663100
2 -0.677900 0.677900
1 0.515000 -0.515000
2 -0.560500 0.560500
1 2.576000 -2.576000
1 1.147900 -1.147900
2 -0.677900 0.677900
1 1.023500 -1.023500
1 1.382900 -1.382900
1 0.000100 -0.000100
1 0.586900 -0.586900
1 0.431100 -0.431100
2 -0.163600 0.163600
1 2.239600 -2.239600
2 -0.169000 0.169000
1 0.000000 0.000000
1 0.117400 -0.117400
1 1.029700 -1.029700
1 0.000000 0.000000
1 0.117500 -0.117500
1 1.461500 -1.461500
2 -1.075600 1.075600
1 1.780900 -1.780900
1 2.576000 -2.576000
1 1.148900 -1.148900
1 2.576000 -2.576000
2 -0.168300 0.168300
1 1.545500 -1.545500
1 2.178300 -2.178300
1 1.545600 -1.545600
1 0.000000 0.000000
1 2.323800 -2.323800
1 0.352500 -0.352500
1 1.780600 -1.780600
1 0.000000 0.000000
2 -0.084100 0.084100
2 -0.162700 0.162700
1 1.031300 -1.031300
1 2.575600 -2.575600
1 0.515200 -0.515200
1 0.000000 0.000000
1 1.461500 -1.461500
1 1.030300 -1.030300
1 0.352200 -0.352200
2 -0.280700 0.280700
1 1.545700 -1.545700
1 0.000000 0.000000
2 -0.050800 0.050800
1 2.060600 -2.060600
1 2.576000 -2.576000
2 -1.473300 1.473300
2 -1.590800 1.590800
1 1.784300 -1.784300
1 1.030200 -1.030200
1 1.543600 -1.543600
1 0.946300 -0.946300
1 0.116900 -0.116900
1 1.461500 -1.461500
1 1.027700 -1.027700
1 1.545600 -1.545600
1 0.946300 -0.946300
1 0.515200 -0.515200
1 0.515200 -0.515200
1 1.024400 -1.024400
1 1.545600 -1.545600
2 -0.084100 0.084100
1 2.575400 -2.575400
1 0.587500 -0.587500
1 0.946300 -0.946300
2 -0.084900 0.084900
1 2.576000 -2.576000
1 0.515200 -0.515200
1 0.117500 -0.117500
1 2.576000 -2.576000
1 1.138500 -1.138500
1 0.233600 -0.233600
2 -0.795400 0.795400
1 2.178600 -2.178600
2 -0.004100 0.004100
1 0.901100 -0.901100
1 1.030400 -1.030400
1 1.030400 -1.030400
1 0.000000 0.000000
1 0.000000 0.000000
1 0.235100 -0.235100
1 0.000000 0.000000
1 1.545700 -1.545700
2 -0.084100 0.084100
2 -0.084100 0.084100
1 0.515200 -0.515200
1 1.148000 -1.148000
1 0.117500 -0.117500
1 1.144600 -1.144600
1 1.030400 -1.030400
2 -1.193100 1.193100
2 -0.000500 0.000500
1 0.000000 0.000000
1 2.060800 -2.060800
1 2.060200 -2.060200
1 0.628200 -0.628200
1 0.000000 0.000000
1 0.000000 0.000000
1 2.491900 -2.491900
1 0.000000 0.000000
1 1.030400 -1.030400
1 2.491900 -2.491900
1 0.000000 0.000000
1 0.000000 0.000000
1 0.632700 -0.632700
1 0.000000 0.000000
2 -0.084100 0.084100
2 -0.280200 0.280200
1 2.576000 -2.576000
1 0.000000 0.000000
2 -0.084100 0.084100
1 1.030400 -1.030400
2 -0.644800 0.644800
1 0.515200 -0.515200
2 -0.795400 0.795400
1 1.976700 -1.976700
1 0.984900 -0.984900
2 -1.193100 1.193100
1 0.000000 0.000000
2 -0.084100 0.084100
1 1.659700 -1.659700
2 -0.560400 0.560400
1 1.030100 -1.030100
1 1.030400 -1.030400
1 0.000000 0.000000
1 0.000000 0.000000
1 0.515500 -0.515500
1 1.545600 -1.545600
2 -0.084100 0.084100
1 0.000600 -0.000600
1 1.461500 -1.461500
2 -0.084100 0.084100
1 2.178300 -2.178300
2 -0.084100 0.084100
1 1.461500 -1.461500
1 0.000000 0.000000
2 -0.165400 0.165400
1 2.576000 -2.576000
1 0.000000 0.000000
1 0.515200 -0.515200
1 2.323700 -2.323700
1 1.030500 -1.030500
1 0.000000 0.000000
1 1.030400 -1.030400
1 1.461500 -1.461500
2 -0.000200 0.000200
2 -0.795400 0.795400
1 2.178300 -2.178300
1 1.663100 -1.663100
2 -0.795400 0.795400
2 -0.397700 0.397700
2 -1.193100 1.193100
2 -0.397900 0.397900
1 0.000000 0.000000
1 0.000000 0.000000
1 0.515200 -0.515200
1 2.010100 -2.010100
2 -1.674900 1.674900
1 0.515200 -0.515200
1 1.382900 -1.382900
1 0.235000 -0.235000
1 1.030400 -1.030400
2 -0.364900 0.364900
2 -1.361300 1.361300
2 -0.084100 0.084100
2 -0.084100 0.084100
1 1.545600 -1.545600
2 -0.163100 0.163100
2 -0.084100 0.084100
2 -0.000400 0.000400
1 1.030200 -1.030200
1 1.383000 -1.383000
1 0.946300 -0.946300
1 2.576000 -2.576000
2 -0.000100 0.000100
2 -0.044200 0.044200
1 0.268400 -0.268400
2 -0.958100 0.958100
1 2.576000 -2.576000
1 2.575900 -2.575900
1 1.545600 -1.545600
1 1.461500 -1.461500
2 -0.481800 0.481800
2 -0.084100 0.084100
1 0.515200 -0.515200
2 -0.481800 0.481800
1 0.000000 0.000000
1 1.063900 -1.063900
1 0.000000 0.000000
1 1.265200 -1.265200
1 0.515200 -0.515200
1 2.576000 -2.576000
1 0.000000 0.000000
1 0.515100 -0.515100
2 -0.162700 0.162700
1 1.026000 -1.026000
2 -0.163500 0.163500
1 1.545600 -1.545600
1 0.033400 -0.033400
2 -0.397700 0.397700
1 1.030400 -1.030400
1 1.030400 -1.030400
2 -0.677900 0.677900
1 0.515200 -0.515200
1 1.147900 -1.147900
1 1.382900 -1.382900
1 1.544500 -1.544500
1 1.780900 -1.780900
2 -0.527000 0.527000
1 0.000200 -0.000200
1 0.000000 0.000000
1 0.117500 -0.117500
1 1.545500 -1.545500
1 0.750200 -0.750200
1 0.347100 -0.347100
1 0.000000 0.000000
1 1.029300 -1.029300
2 -0.168200 0.168200
1 0.235000 -0.235000
2 -1.529500 1.529500
1 0.000000 0.000000
2 -0.762000 0.762000
1 0.515200 -0.515200
2 -0.084100 0.084100
2 -1.674900 1.674900
1 0.632600 -0.632600
1 0.515200 -0.515200
1 0.000000 0.000000
1 2.576500 -2.576500
1 0.000000 0.000000
2 -0.397700 0.397700
1 1.030400 -1.030400
1 1.147700 -1.147700
2 -0.879500 0.879500
2 -1.193100 1.193100
1 1.461500 -1.461500
2 -0.481800 0.481800
2 -0.481800 0.481800
2 -0.280200 0.280200
1 1.147900 -1.147900
1 0.515200 -0.515200
1 0.000000 0.000000
1 0.000000 0.000000
1 0.548600 -0.548600
1 0.515200 -0.515200
1 2.491900 -2.491900
2 -0.879600 0.879600
1 0.000000 0.000000
1 0.516300 -0.516300
1 0.000100 -0.000100
1 1.030400 -1.030400
2 -0.364300 0.364300
2 -0.000100 0.000100
1 1.030400 -1.030400
2 -1.988500 1.988500
1 0.000000 0.000000
1 2.576000 -2.576000
1 1.030400 -1.030400
1 1.026000 -1.026000
1 0.587500 -0.587500
2 -0.000100 0.000100
1 1.030100 -1.030100
1 1.024800 -1.024800
1 2.491900 -2.491900
2 -1.193100 1.193100
1 0.117500 -0.117500
1 1.545800 -1.545800
1 0.000000 0.000000
2 -0.084100 0.084100
1 0.000000 0.000000
2 -1.075600 1.075600
1 2.491900 -2.491900
2 -0.166000 0.166000
1 0.352800 -0.352800
1 1.892600 -1.892600
1 0.000000 0.000000
1 2.491900 -2.491900
1 1.696500 -1.696500
2 -0.000900 0.000900
1 0.117600 -0.117600
2 -0.050700 0.050700
1 2.178300 -2.178300
2 -1.193100 1.193100
1 0.632700 -0.632700
1 1.545600 -1.545600
2 -1.042200 1.042200
1 0.000000 0.000000
1 0.515200 -0.515200
2 -0.560400 0.560400
1 0.632700 -0.632700
2 -0.280300 0.280300
1 0.000000 0.000000
1 0.587600 -0.587600
1 0.117700 -0.117700
1 2.060800 -2.060800
1 2.177800 -2.177800
1 0.514500 -0.514500
2 -1.473300 1.473300
2 -0.677900 0.677900
2 -0.000400 0.000400
2 -0.045300 0.045300
2 -0.001300 0.001300
2 -1.193100 1.193100
1 0.352500 -0.352500
1 0.431100 -0.431100
2 -0.084100 0.084100
1 0.000100 -0.000100
1 1.696500 -1.696500
1 0.000000 0.000000
1 0.000000 0.000000
1 0.235000 -0.235000
1 1.142300 -1.142300
1 0.750200 -0.750200
1 1.030400 -1.030400
1 1.461700 -1.461700
1 0.470000 -0.470000
1 1.027600 -1.027600
1 0.000000 0.000000
1 0.431100 -0.431100
1 0.515200 -0.515200
1 0.515100 -0.515100
1 0.000100 -0.000100
1 1.544000 -1.544000
1 0.515400 -0.515400
1 0.000000 0.000000
1 0.000000 0.000000
1 0.515200 -0.515200
1 0.000000 0.000000
1 2.177400 -2.177400
1 1.780200 -1.780200
1 1.024100 -1.024100
1 0.587200 -0.587200
1 0.515200 -0.515200
1 0.000000 0.000000
1 0.000000 0.000000
2 -1.075600 1.075600
2 -0.084000 0.084000
1 2.576000 -2.576000
1 0.632700 -0.632700
1 1.030400 -1.030400
1 1.546000 -1.546000
2 -0.084100 0.084100
1 0.117500 -0.117500
1 1.030400 -1.030400
1 0.587500 -0.587500
1 0.000000 0.000000
1 2.491900 -2.491900
1 2.576000 -2.576000
1 0.515100 -0.515100
1 2.177200 -2.177200
1 0.431100 -0.431100
1 1.147900 -1.147900
2 -0.958100 0.958100
1 1.030100 -1.030100
1 0.118300 -0.118300
1 0.117600 -0.117600
1 0.234400 -0.234400
1 0.000000 0.000000
1 0.000000 0.000000
1 0.429600 -0.429600
1 0.000000 0.000000
1 0.515400 -0.515400
1 0.431100 -0.431100
2 -0.000700 0.000700
2 -1.988400 1.988400
1 0.946000 -0.946000
1 0.000000 0.000000
1 0.000000 0.000000
1 1.030400 -1.030400
1 2.576000 -2.576000
1 1.298800 -1.298800
1 1.545200 -1.545200
2 -0.084100 0.084100
2 -0.481800 0.481800
1 1.543500 -1.543500
1 0.000000 0.000000
1 1.298800 -1.298800
2 -0.527000 0.527000
1 0.515200 -0.515200
1 2.576900 -2.576900
2 -1.193100 1.193100
1 0.000000 0.000000
1 1.545600 -1.545600
1 1.545600 -1.545600
1 2.576000 -2.576000
2 -1.590800 1.590800
1 1.544400 -1.544400
1 0.514000 -0.514000
2 -0.003400 0.003400
1 1.027100 -1.027100
1 0.548600 -0.548600
1 0.000000 0.000000
1 0.515200 -0.515200
1 0.000000 0.000000
1 0.347000 -0.347000
1 0.000000 0.000000
2 -2.072500 2.072500
1 1.030400 -1.030400
1 0.431000 -0.431000
1 0.033300 -0.033300
1 1.461500 -1.461500
2 -0.280200 0.280200
2 -0.084100 0.084100
1 0.000000 0.000000
1 1.030400 -1.030400
1 0.000500 -0.000500
1 0.000200 -0.000200
2 -0.084100 0.084100
1 0.512800 -0.512800
1 0.150900 -0.150900
1 0.001000 -0.001000
1 2.576000 -2.576000
1 0.515000 -0.515000
1 1.545600 -1.545600
1 1.030400 -1.030400
1 0.513500 -0.513500
1 0.000000 0.000000
1 0.178800 -0.178800
1 1.030400 -1.030400
1 0.000000 0.000000
2 -0.000400 0.000400
2 -0.084100 0.084100
2 -0.168200 0.168200
2 -0.963600 0.963600
2 -0.000200 0.000200
1 0.515200 -0.515200
2 -0.442900 0.442900
1 0.632700 -0.632700
1 1.461500 -1.461500
2 -0.163800 0.163800
1 0.000000 0.000000
1 1.545600 -1.545600
1 0.515200 -0.515200
1 0.431100 -0.431100
2 -0.084100 0.084100
2 -0.879700 0.879700
2 -0.481800 0.481800
1 1.461500 -1.461500
1 0.515200 -0.515200
1 1.028700 -1.028700
1 1.030400 -1.030400
1 0.000000 0.000000
1 0.117500 -0.117500
1 1.547300 -1.547300
1 0.033400 -0.033400
2 -0.795400 0.795400
2 -0.084100 0.084100
1 0.000000 0.000000
1 0.515200 -0.515200
1 0.513800 -0.513800
1 0.515200 -0.515200
2 -0.762000 0.762000
1 1.545600 -1.545600
1 1.545700 -1.545700
1 1.030400 -1.030400
1 0.431100 -0.431100
1 0.000000 0.000000
1 1.147700 -1.147700
1 2.576000 -2.576000
2 -1.988600 1.988600
1 1.545600 -1.545600
1 1.147900 -1.147900
2 -0.084100 0.084100
2 -0.084100 0.084100
2 -0.879500 0.879500
2 -0.168200 0.168200
2 -0.004700 0.004700
1 1.029900 -1.029900
2 -0.481800 0.481800
2 -0.084100 0.084100
2 -0.000100 0.000100
1 0.512700 -0.512700
2 -0.084000 0.084000
1 0.000000 0.000000
2 -0.084100 0.084100
1 0.000000 0.000000
2 -1.989000 1.989000
1 0.515200 -0.515200
1 0.000000 0.000000
1 0.632700 -0.632700
1 2.491900 -2.491900
2 -0.000100 0.000100
2 -0.795400 0.795400
1 0.513900 -0.513900
1 0.000000 0.000000
1 0.587500 -0.587500
1 1.025400 -1.025400
1 2.060800 -2.060800
1 0.466400 -0.466400
1 0.666100 -0.666100
1 0.515200 -0.515200
2 -0.084100 0.084100
2 -0.280100 0.280100
1 0.515400 -0.515400
1 1.545600 -1.545600
2 -0.084100 0.084100
2 -1.193100 1.193100
2 -0.364200 0.364200
2 -0.280100 0.280100
2 -0.000400 0.000400
1 1.030400 -1.030400
1 0.000000 0.000000
2 -0.084100 0.084100
2 -0.000200 0.000200
1 0.666100 -0.666100
2 -0.397700 0.397700
1 1.545600 -1.545600
2 -0.005500 0.005500
1 0.000000 0.000000
2 -0.084100 0.084100
1 0.000000 0.000000
1 1.030400 -1.030400
1 0.431100 -0.431100
1 0.347100 -0.347100
1 0.633000 -0.633000
1 0.946300 -0.946300
2 -0.001100 0.001100
1 1.382900 -1.382900
1 1.545600 -1.545600
2 -0.084100 0.084100
1 1.030300 -1.030300
1 1.545600 -1.545600
2 -0.252500 0.252500
1 2.575200 -2.575200
1 0.515200 -0.515200
2 -0.280200 0.280200
1 0.514800 -0.514800
1 0.000000 0.000000
2 -1.674900 1.674900
1 1.545500 -1.545500
1 1.024600 -1.024600
1 0.352500 -0.352500
1 0.431100 -0.431100
1 0.000000 0.000000
1 0.515200 -0.515200
1 0.515200 -0.515200
1 0.515200 -0.515200
1 2.178300 -2.178300
1 1.545600 -1.545600
2 -1.557400 1.557400
2 -0.011800 0.011800
1 2.178300 -2.178300
1 2.576500 -2.576500
1 0.420200 -0.420200
1 0.515200 -0.515200
1 1.025800 -1.025800
2 -0.252300 0.252300
1 1.147900 -1.147900
1 0.000000 0.000000
2 -0.958100 0.958100
2 -0.397700 0.397700
1 0.117400 -0.117400
2 -0.795400 0.795400
2 -0.481800 0.481800
1 2.576000 -2.576000
1 0.431100 -0.431100
1 1.031300 -1.031300
1 0.946300 -0.946300
1 0.000000 0.000000
1 2.060800 -2.060800
1 0.515100 -0.515100
1 0.587400 -0.587400
1 0.000000 0.000000
1 0.587500 -0.587500
1 1.544700 -1.544700
2 -0.084100 0.084100
2 -0.795300 0.795300
2 -0.677900 0.677900
1 0.632700 -0.632700
1 2.094200 -2.094200
1 0.000000 0.000000
1 1.545600 -1.545600
1 1.030400 -1.030400
2 -0.000400 0.000400
1 1.461500 -1.461500
1 1.544500 -1.544500
1 1.030100 -1.030100
1 0.431100 -0.431100
2 -1.590800 1.590800
2 -0.397700 0.397700
1 0.515200 -0.515200
2 -0.162900 0.162900
1 1.545600 -1.545600
2 -0.280200 0.280200
2 -0.795400 0.795400
1 0.000000 0.000000
1 0.000000 0.000000
1 0.000000 0.000000
2 -0.397700 0.397700
2 -0.001700 0.001700
1 0.515200 -0.515200
2 -1.590800 1.590800
1 0.750200 -0.750200
1 0.000000 0.000000
2 -1.193100 1.193100
1 0.000000 0.000000
2 -1.042200 1.042200
2 -0.795400 0.795400
1 0.000000 0.000000
1 0.431100 -0.431100
2 -0.168500 0.168500
1 1.548500 -1.548500
2 -0.000100 0.000100
2 -0.001100 0.001100
2 -0.000100 0.000100
2 -0.004700 0.004700
1 0.985200 -0.985200
1 1.024100 -1.024100
1 0.750200 -0.750200
1 2.492100 -2.492100
2 -0.168200 0.168200
1 2.575600 -2.575600
1 2.094100 -2.094100
1 0.000000 0.000000
1 1.545600 -1.545600
2 -1.590800 1.590800
1 1.148000 -1.148000
2 -0.162700 0.162700
1 1.545000 -1.545000
1 0.000000 0.000000
1 0.000000 0.000000
1 0.347000 -0.347000
1 1.147900 -1.147900
1 0.000000 0.000000
2 -1.675000 1.675000
2 -0.399700 0.399700
2 -0.082800 0.082800
1 2.577000 -2.577000
2 -0.482000 0.482000
2 -0.252300 0.252300
1 1.545600 -1.545600
2 -0.084300 0.084300
1 1.545600 -1.545600
1 0.000000 0.000000
1 2.576000 -2.576000
1 0.117300 -0.117300
2 -0.084100 0.084100
1 1.545600 -1.545600
1 1.545300 -1.545300
1 2.576000 -2.576000
1 0.632700 -0.632700
2 -0.084500 0.084500
2 -0.084100 0.084100
1 1.976700 -1.976700
1 0.000000 0.000000
2 -0.084100 0.084100
1 2.576000 -2.576000
1 0.515200 -0.515200
1 2.178300 -2.178300
1 1.612400 -1.612400
1 2.178300 -2.178300
1 1.381700 -1.381700
1 0.262900 -0.262900
2 -0.084100 0.084100
2 -0.000100 0.000100
1 0.431000 -0.431000
1 1.030400 -1.030400
1 0.470000 -0.470000
1 0.000000 0.000000
2 -0.000200 0.000200
1 1.028700 -1.028700
2 -0.084400 0.084400
1 1.030400 -1.030400
2 -0.527000 0.527000
1 0.000000 0.000000
1 0.000000 0.000000
1 0.000000 0.000000
1 0.515200 -0.515200
1 2.094200 -2.094200
2 -0.481800 0.481800
1 0.000000 0.000000
1 2.575900 -2.575900
1 0.000100 -0.000100
1 1.030000 -1.030000
1 0.431100 -0.431100
1 0.000000 0.000000
2 -1.590800 1.590800
2 -0.129300 0.129300
1 0.000000 0.000000
2 -0.084100 0.084100
2 -0.364300 0.364300
2 -0.084200 0.084200
1 0.117500 -0.117500
1 0.000000 0.000000
1 0.515200 -0.515200
1 1.147900 -1.147900
1 0.515100 -0.515100
1 0.515200 -0.515200
1 1.026900 -1.026900
1 1.545600 -1.545600
1 1.382900 -1.382900
1 2.576000 -2.576000
1 0.944900 -0.944900
2 -0.084100 0.084100
1 1.545700 -1.545700
1 0.515200 -0.515200
2 -0.280200 0.280200
2 -0.000100 0.000100
1 2.576100 -2.576100
1 0.000000 0.000000
1 2.491900 -2.491900
2 -1.988500 1.988500
1 2.576000 -2.576000
1 1.030400 -1.030400
1 0.000000 0.000000
1 0.515200 -0.515200
2 -0.084100 0.084100
2 -0.336400 0.336400
2 -0.280200 0.280200
2 -2.072700 2.072700
1 1.030400 -1.030400
2 -0.084100 0.084100
1 1.147900 -1.147900
1 0.431100 -0.431100
1 1.382300 -1.382300
1 0.000000 0.000000
1 1.545600 -1.545600
1 0.268400 -0.268400
2 -0.481100 0.481100
1 0.234500 -0.234500
2 -1.277200 1.277200
1 1.545600 -1.545600
2 -0.084300 0.084300
1 0.512300 -0.512300
1 0.000000 0.000000
2 -0.397700 0.397700
1 0.515100 -0.515100
1 2.491900 -2.491900
1 0.431200 -0.431200
1 1.545200 -1.545200
2 -1.193100 1.193100
2 -0.677900 0.677900
1 0.000000 0.000000
1 0.985200 -0.985200
1 1.028100 -1.028100
1 1.296100 -1.296100
2 -0.001500 0.001500
2 -1.988600 1.988600
1 0.117500 -0.117500
2 -0.397700 0.397700
1 0.515200 -0.515200
1 1.545500 -1.545500
2 -0.677900 0.677900
2 -0.879500 0.879500
2 -0.397800 0.397800
2 -0.084100 0.084100
1 0.119000 -0.119000
2 -0.795400 0.795400
1 0.431100 -0.431100
1 1.026900 -1.026900
1 0.431100 -0.431100
2 -0.168200 0.168200
1 1.545700 -1.545700
2 -0.084100 0.084100
2 -0.084900 0.084900
1 0.515200 -0.515200
1 2.490700 -2.490700
1 1.461500 -1.461500
2 -0.084100 0.084100
1 2.491900 -2.491900
2 -1.277200 1.277200
1 0.587700 -0.587700
1 2.575900 -2.575900
1 2.060600 -2.060600
1 0.000000 0.000000
2 -0.000300 0.000300
1 0.515200 -0.515200
1 0.000000 0.000000
2 -0.051000 0.051000
1 1.382900 -1.382900
2 -1.277200 1.277200
2 -1.591200 1.591200
1 0.117500 -0.117500
1 0.515200 -0.515200
2 -0.084000 0.084000
1 0.515200 -0.515200
2 -0.084100 0.084100
1 1.780500 -1.780500
1 0.515200 -0.515200
1 1.545600 -1.545600
1 0.979700 -0.979700
2 -1.674900 1.674900
1 1.030400 -1.030400
1 0.431200 -0.431200
2 -1.193100 1.193100
1 0.000000 0.000000
1 0.513900 -0.513900
1 0.117500 -0.117500
2 -0.084100 0.084100
1 0.117400 -0.117400
1 0.513900 -0.513900
1 0.000000 0.000000
1 0.000000 0.000000
1 0.033400 -0.033400
1 0.431100 -0.431100
1 0.235000 -0.235000
2 -1.193100 1.193100
1 1.028200 -1.028200
2 -0.084100 0.084100
2 -0.084100 0.084100
1 0.000000 0.000000
2 -1.473300 1.473300
1 0.515200 -0.515200
1 0.515700 -0.515700
2 -1.557400 1.557400
2 -0.168200 0.168200
1 0.262600 -0.262600
1 0.000000 0.000000
1 0.946300 -0.946300
2 -1.193100 1.193100
1 0.515200 -0.515200
1 2.576000 -2.576000
1 0.946300 -0.946300
2 -2.156800 2.156800
1 0.515200 -0.515200
1 0.431100 -0.431100
