1 0.000000 0.000000
2 -2.010800 2.010800
2 -0.982400 0.982400
2 -0.009200 0.009200
1 0.000700 -0.000700
1 0.000000 0.000000
1 0.525700 -0.525700
2 -0.010200 0.010200
1 1.567000 -1.567000
1 1.577100 -1.577100
2 -0.502700 0.502700
2 -0.502400 0.502400
1 0.000000 0.000000
1 1.051400 -1.051400
1 0.036000 -0.036000
2 -2.513500 2.513500
1 0.000000 0.000000
1 0.023100 -0.023100
2 -1.015700 1.015700
2 -0.010200 0.010200
1 0.000100 -0.000100
1 0.000200 -0.000200
1 0.000000 0.000000
1 0.000000 0.000000
1 0.000300 -0.000300
1 0.538500 -0.538500
1 0.000000 0.000000
1 1.074400 -1.074400
2 -0.000300 0.000300
1 1.623100 -1.623100
1 0.000100 -0.000100
1 1.577100 -1.577100
1 0.069000 -0.069000
2 -0.479700 0.479700
1 0.115000 -0.115000
2 -0.410700 0.410700
2 -1.538700 1.538700
2 -0.000100 0.000100
2 -1.504000 1.504000
1 0.115000 -0.115000
1 0.548700 -0.548700
1 0.000100 -0.000100
2 -1.005400 1.005400
2 -1.005400 1.005400
2 -0.010200 0.010200
2 -0.010200 0.010200
1 0.000200 -0.000200
2 -1.015600 1.015600
2 -0.000200 0.000200
1 0.572400 -0.572400
2 -0.000100 0.000100
1 0.000000 0.000000
2 -1.005700 1.005700
2 -0.512400 0.512400
2 -0.936400 0.936400
1 0.000600 -0.000600
1 1.041200 -1.041200
1 1.051600 -1.051600
2 -1.518300 1.518300
2 -0.502700 0.502700
1 0.000400 -0.000400
2 -0.502700 0.502700
1 0.000000 0.000000
1 0.000100 -0.000100
1 0.000000 0.000000
2 -1.005400 1.005400
1 1.074400 -1.074400
2 -0.500700 0.500700
1 0.000000 0.000000
1 0.115000 -0.115000
2 -0.010200 0.010200
1 0.000000 0.000000
2 -0.000200 0.000200
1 0.000400 -0.000400
2 -1.518300 1.518300
1 0.000000 0.000000
2 -0.500000 0.500000
2 -0.009400 0.009400
1 0.000000 0.000000
1 0.526200 -0.526200
1 2.628500 -2.628500
1 0.000000 0.000000
2 -0.009900 0.009900
1 1.052500 -1.052500
1 0.000000 0.000000
1 1.120800 -1.120800
1 0.525700 -0.525700
1 2.628500 -2.628500
1 1.577100 -1.577100
2 -0.020400 0.020400
1 0.000100 -0.000100
2 -0.410700 0.410700
2 -2.513600 2.513600
1 2.628600 -2.628600
1 0.000000 0.000000
1 1.566900 -1.566900
1 1.064200 -1.064200
2 -1.005400 1.005400
1 0.000000 0.000000
2 -0.010200 0.010200
2 -0.009900 0.009900
1 1.577400 -1.577400
2 -0.502700 0.502700
2 -0.502700 0.502700
1 0.549000 -0.549000
2 -0.040800 0.040800
2 -0.010200 0.010200
1 0.000200 -0.000200
2 -1.001200 1.001200
1 1.577100 -1.577100
1 0.023000 -0.023000
2 -0.010200 0.010200
1 1.600200 -1.600200
1 0.000000 0.000000
1 0.012800 -0.012800
2 -2.513500 2.513500
1 0.000800 -0.000800
1 1.051400 -1.051400
2 -0.982400 0.982400
2 -0.010200 0.010200
1 0.000000 0.000000
2 -0.020400 0.020400
1 0.115000 -0.115000
1 1.577100 -1.577100
1 1.097400 -1.097400
1 0.000000 0.000000
2 -2.523700 2.523700
1 1.577100 -1.577100
1 0.069000 -0.069000
2 -0.502700 0.502700
1 2.115600 -2.115600
2 -0.456700 0.456700
1 0.005600 -0.005600
2 -0.010200 0.010200
1 0.001400 -0.001400
2 -0.502800 0.502800
1 0.000000 0.000000
1 0.058800 -0.058800
1 1.052800 -1.052800
1 2.102800 -2.102800
2 -1.005700 1.005700
1 0.000600 -0.000600
1 0.525700 -0.525700
2 -0.502700 0.502700
2 -0.010200 0.010200
2 -0.020400 0.020400
1 0.000000 0.000000
1 0.000700 -0.000700
1 0.000000 0.000000
1 0.046000 -0.046000
1 1.077000 -1.077000
1 0.000000 0.000000
1 0.000000 0.000000
2 -0.502700 0.502700
1 0.000000 0.000000
1 0.000000 0.000000
1 0.525600 -0.525600
1 0.070700 -0.070700
2 -0.982400 0.982400
1 0.069000 -0.069000
1 1.120800 -1.120800
1 1.120400 -1.120400
1 0.000000 0.000000
1 2.618300 -2.618300
1 1.556700 -1.556700
1 2.618300 -2.618300
1 0.000000 0.000000
2 -0.061100 0.061100
2 -2.523700 2.523700
1 1.051400 -1.051400
1 0.000000 0.000000
1 2.092500 -2.092500
1 2.126500 -2.126500
1 2.126300 -2.126300
1 0.000000 0.000000
1 0.000000 0.000000
2 -0.010100 0.010100
1 1.600700 -1.600700
2 -0.030600 0.030600
2 -0.487900 0.487900
1 2.125800 -2.125800
1 0.000000 0.000000
1 0.538500 -0.538500
2 -0.010200 0.010200
1 0.525700 -0.525700
1 0.000000 0.000000
1 0.000400 -0.000400
2 -1.987800 1.987800
1 0.013600 -0.013600
1 1.577100 -1.577100
1 0.594700 -0.594700
2 -0.502600 0.502600
2 -0.009800 0.009800
2 -0.500900 0.500900
2 -1.508000 1.508000
1 0.000000 0.000000
2 -0.010200 0.010200
1 0.000100 -0.000100
2 -0.000100 0.000100
2 -1.005400 1.005400
1 0.023000 -0.023000
2 -0.502700 0.502700
1 1.576900 -1.576900
1 0.595400 -0.595400
2 -0.502700 0.502700
1 0.525900 -0.525900
2 -1.987800 1.987800
1 0.023000 -0.023000
2 -1.005400 1.005400
1 1.051400 -1.051400
2 -1.508100 1.508100
2 -1.005400 1.005400
2 -0.502700 0.502700
1 0.000000 0.000000
1 2.125700 -2.125700
2 -0.502700 0.502700
1 0.000200 -0.000200
1 0.000100 -0.000100
1 0.000000 0.000000
1 0.000100 -0.000100
1 0.525600 -0.525600
1 0.023100 -0.023100
1 0.000500 -0.000500
1 2.105300 -2.105300
1 0.000000 0.000000
1 2.103200 -2.103200
1 1.577100 -1.577100
1 0.000000 0.000000
2 -0.982400 0.982400
2 -0.512900 0.512900
1 0.000100 -0.000100
1 0.000000 0.000000
1 1.120300 -1.120300
2 -1.005700 1.005700
1 0.538400 -0.538400
1 0.002200 -0.002200
2 -1.508000 1.508000
1 1.577100 -1.577100
2 -0.502700 0.502700
2 -1.508100 1.508100
2 -0.011100 0.011100
1 0.000000 0.000000
1 0.000000 0.000000
2 -0.936400 0.936400
2 -0.502600 0.502600
1 2.628500 -2.628500
2 -2.503600 2.503600
1 0.000000 0.000000
1 0.002500 -0.002500
1 0.571700 -0.571700
1 2.102800 -2.102800
2 -1.987700 1.987700
1 0.046200 -0.046200
1 0.000000 0.000000
1 1.577100 -1.577100
2 -1.987900 1.987900
1 1.577100 -1.577100
1 1.577100 -1.577100
1 0.000000 0.000000
1 0.000100 -0.000100
1 0.000400 -0.000400
2 -0.502900 0.502900
1 0.012800 -0.012800
1 0.104800 -0.104800
2 -0.010200 0.010200
2 -0.502400 0.502400
2 -1.485100 1.485100
1 0.002600 -0.002600
1 0.046200 -0.046200
2 -1.504900 1.504900
1 1.051400 -1.051400
1 0.572400 -0.572400
2 -0.020400 0.020400
2 -1.005400 1.005400
2 -0.982400 0.982400
1 1.076000 -1.076000
2 -0.479700 0.479700
1 2.115800 -2.115800
1 0.002000 -0.002000
2 -1.538700 1.538700
1 0.000000 0.000000
1 1.577100 -1.577100
1 2.628500 -2.628500
1 2.092600 -2.092600
1 1.051400 -1.051400
1 2.628500 -2.628500
2 -0.456700 0.456700
2 -1.462100 1.462100
1 0.023000 -0.023000
2 -0.502700 0.502700
2 -0.010200 0.010200
1 2.628500 -2.628500
1 2.634900 -2.634900
1 0.092000 -0.092000
1 0.000000 0.000000
2 -0.010200 0.010200
1 1.074500 -1.074500
2 -0.502700 0.502700
1 2.125800 -2.125800
2 -0.523100 0.523100
1 2.102800 -2.102800
2 -1.997400 1.997400
1 1.051400 -1.051400
1 0.000000 0.000000
1 0.001400 -0.001400
1 1.051500 -1.051500
1 0.000000 0.000000
1 1.577100 -1.577100
2 -2.513400 2.513400
1 1.577000 -1.577000
1 0.526300 -0.526300
1 0.001200 -0.001200
2 -0.010100 0.010100
1 0.000000 0.000000
2 -0.000300 0.000300
1 0.548700 -0.548700
2 -1.462100 1.462100
1 1.051400 -1.051400
1 1.051400 -1.051400
1 2.629700 -2.629700
2 -0.505700 0.505700
2 -0.502700 0.502700
2 -2.523200 2.523200
1 0.047100 -0.047100
1 0.526000 -0.526000
1 1.577100 -1.577100
1 0.000000 0.000000
2 -0.502700 0.502700
1 1.097400 -1.097400
2 -1.508300 1.508300
2 -0.502700 0.502700
1 0.000300 -0.000300
1 0.000500 -0.000500
2 -0.501500 0.501500
2 -0.410700 0.410700
2 -0.020400 0.020400
2 -0.010200 0.010200
1 0.000000 0.000000
1 2.628500 -2.628500
1 0.001300 -0.001300
1 0.058900 -0.058900
1 0.000000 0.000000
1 1.577100 -1.577100
1 0.000000 0.000000
2 -1.005600 1.005600
1 0.012800 -0.012800
2 -1.005400 1.005400
1 0.000000 0.000000
2 -0.010100 0.010100
2 -0.502700 0.502700
1 1.577100 -1.577100
2 -0.010200 0.010200
1 0.584500 -0.584500
2 -1.005300 1.005300
1 0.000000 0.000000
2 -0.502700 0.502700
2 -0.020300 0.020300
2 -0.502700 0.502700
1 2.102800 -2.102800
1 1.074400 -1.074400
2 -0.502700 0.502700
1 0.000300 -0.000300
2 -2.512800 2.512800
2 -0.000300 0.000300
1 0.000600 -0.000600
1 0.023000 -0.023000
2 -2.512800 2.512800
1 0.000000 0.000000
2 -0.000200 0.000200
1 1.623100 -1.623100
2 -1.003800 1.003800
2 -1.518300 1.518300
1 0.515500 -0.515500
1 0.000000 0.000000
1 0.000000 0.000000
2 -1.508200 1.508200
1 0.002200 -0.002200
2 -0.479700 0.479700
2 -0.020400 0.020400
1 1.041200 -1.041200
2 -1.507800 1.507800
1 0.000000 0.000000
2 -0.030600 0.030600
2 -0.502700 0.502700
2 -0.502700 0.502700
2 -0.010200 0.010200
1 0.000000 0.000000
1 0.000300 -0.000300
2 -2.513500 2.513500
2 -0.010600 0.010600
2 -0.512900 0.512900
2 -1.005400 1.005400
2 -0.020400 0.020400
1 2.628500 -2.628500
1 0.000000 0.000000
2 -0.479700 0.479700
1 0.000000 0.000000
2 -0.489900 0.489900
1 1.577100 -1.577100
2 -0.513000 0.513000
1 0.515500 -0.515500
2 -0.502000 0.502000
2 -0.502700 0.502700
1 0.525800 -0.525800
1 2.125800 -2.125800
2 -0.010200 0.010200
2 -1.987800 1.987800
2 -0.010200 0.010200
1 1.577100 -1.577100
1 0.115000 -0.115000
2 -2.513500 2.513500
1 0.002700 -0.002700
1 0.525700 -0.525700
1 0.538500 -0.538500
1 1.556800 -1.556800
2 -0.513000 0.513000
1 0.001500 -0.001500
1 2.628500 -2.628500
2 -1.005500 1.005500
1 0.571800 -0.571800
2 -0.010200 0.010200
1 0.046000 -0.046000
1 0.069000 -0.069000
2 -0.512900 0.512900
1 0.001700 -0.001700
1 0.548700 -0.548700
1 0.000000 0.000000
1 0.538500 -0.538500
2 -2.041400 2.041400
2 -0.502700 0.502700
2 -1.508100 1.508100
2 -0.020400 0.020400
2 -0.502700 0.502700
2 -0.502700 0.502700
1 0.000000 0.000000
2 -0.010200 0.010200
2 -0.502000 0.502000
1 0.104800 -0.104800
2 -0.010200 0.010200
1 0.001000 -0.001000
1 0.114900 -0.114900
2 -0.010200 0.010200
1 0.571700 -0.571700
1 0.515500 -0.515500
1 0.000000 0.000000
1 1.589900 -1.589900
2 -0.502900 0.502900
1 0.000000 0.000000
2 -1.507600 1.507600
1 0.525700 -0.525700
2 -1.005400 1.005400
1 0.115100 -0.115100
1 0.000900 -0.000900
2 -2.513300 2.513300
1 0.000100 -0.000100
1 0.571700 -0.571700
2 -0.946600 0.946600
1 0.000000 0.000000
2 -1.518300 1.518300
2 -0.010100 0.010100
2 -0.410700 0.410700
1 0.003900 -0.003900
1 0.000000 0.000000
2 -0.479600 0.479600
2 -0.500700 0.500700
2 -0.010200 0.010200
2 -0.502700 0.502700
2 -0.010200 0.010200
2 -1.508100 1.508100
2 -2.513400 2.513400
1 2.628500 -2.628500
2 -0.010200 0.010200
1 0.000400 -0.000400
1 2.125700 -2.125700
2 -0.479700 0.479700
1 0.584700 -0.584700
2 -1.462100 1.462100
2 -0.010200 0.010200
1 0.000000 0.000000
1 1.623100 -1.623100
2 -0.502700 0.502700
1 0.000300 -0.000300
1 1.577100 -1.577100
2 -0.020400 0.020400
2 -1.005400 1.005400
2 -1.004600 1.004600
2 -1.987900 1.987900
2 -0.479400 0.479400
2 -1.472200 1.472200
1 0.584700 -0.584700
1 0.515500 -0.515500
1 0.525700 -0.525700
1 1.041200 -1.041200
2 -0.009200 0.009200
1 2.629100 -2.629100
2 -0.010200 0.010200
2 -0.020400 0.020400
1 0.001000 -0.001000
1 0.000700 -0.000700
2 -1.987700 1.987700
2 -0.502700 0.502700
2 -0.000900 0.000900
1 1.074300 -1.074300
1 0.000000 0.000000
1 0.000000 0.000000
1 1.577100 -1.577100
2 -0.020400 0.020400
1 1.074400 -1.074400
1 0.000000 0.000000
2 -1.508100 1.508100
1 0.000000 0.000000
1 1.577300 -1.577300
1 2.628500 -2.628500
1 2.628200 -2.628200
1 0.000100 -0.000100
2 -1.005500 1.005500
1 0.000000 0.000000
2 -0.502700 0.502700
1 0.525700 -0.525700
1 0.115100 -0.115100
1 0.525700 -0.525700
1 0.000500 -0.000500
1 0.000300 -0.000300
1 0.000000 0.000000
2 -1.015500 1.015500
1 0.000000 0.000000
2 -0.000400 0.000400
2 -1.987800 1.987800
2 -1.508100 1.508100
2 -0.502700 0.502700
2 -2.010800 2.010800
2 -0.010200 0.010200
1 2.628500 -2.628500
1 2.125800 -2.125800
1 2.092600 -2.092600
1 0.548700 -0.548700
2 -0.010200 0.010200
1 0.000300 -0.000300
1 0.000900 -0.000900
1 0.115400 -0.115400
2 -0.495500 0.495500
1 0.571700 -0.571700
2 -0.009100 0.009100
2 -0.409000 0.409000
2 -0.020400 0.020400
1 0.000200 -0.000200
2 -1.005400 1.005400
1 1.566900 -1.566900
1 1.051400 -1.051400
1 1.577100 -1.577100
1 0.000000 0.000000
1 0.000100 -0.000100
1 0.000000 0.000000
2 -0.502700 0.502700
1 0.571700 -0.571700
1 1.086800 -1.086800
1 2.618300 -2.618300
1 2.629700 -2.629700
2 -1.508100 1.508100
1 0.046200 -0.046200
2 -0.512900 0.512900
2 -1.005400 1.005400
2 -0.010200 0.010200
2 -0.936400 0.936400
1 0.023000 -0.023000
1 0.000200 -0.000200
2 -0.456500 0.456500
2 -0.502700 0.502700
1 0.001700 -0.001700
2 -0.010400 0.010400
2 -0.502700 0.502700
1 0.571700 -0.571700
2 -1.005400 1.005400
1 0.000000 0.000000
1 2.102800 -2.102800
1 1.577100 -1.577100
1 0.013500 -0.013500
1 2.628200 -2.628200
1 2.628500 -2.628500
2 -0.010200 0.010200
1 0.000800 -0.000800
1 1.623500 -1.623500
1 0.115000 -0.115000
1 1.577100 -1.577100
2 -0.000200 0.000200
1 2.628500 -2.628500
2 -1.508100 1.508100
1 1.051600 -1.051600
2 -1.005400 1.005400
1 0.115000 -0.115000
2 -0.010500 0.010500
1 0.000000 0.000000
2 -0.010200 0.010200
2 -0.010200 0.010200
1 0.023000 -0.023000
1 0.538500 -0.538500
1 0.000000 0.000000
1 0.525700 -0.525700
1 0.000200 -0.000200
2 -2.513500 2.513500
1 0.000000 0.000000
1 0.001400 -0.001400
2 -0.502500 0.502500
1 0.525700 -0.525700
2 -1.015600 1.015600
1 0.000900 -0.000900
1 0.000300 -0.000300
1 0.000000 0.000000
1 2.102800 -2.102800
1 0.000000 0.000000
2 -1.518300 1.518300
2 -0.456700 0.456700
1 0.000000 0.000000
1 0.115000 -0.115000
2 -0.502700 0.502700
2 -1.508100 1.508100
1 0.104800 -0.104800
2 -0.502700 0.502700
1 0.548700 -0.548700
2 -0.456400 0.456400
2 -0.502700 0.502700
1 0.525700 -0.525700
2 -0.503600 0.503600
1 1.577100 -1.577100
1 0.000000 0.000000
2 -1.987800 1.987800
2 -0.020300 0.020300
1 2.102800 -2.102800
1 0.069000 -0.069000
2 -1.005400 1.005400
1 0.505300 -0.505300
2 -2.513500 2.513500
1 0.000000 0.000000
1 0.000000 0.000000
2 -0.008700 0.008700
1 0.023000 -0.023000
1 0.571300 -0.571300
2 -0.510900 0.510900
1 0.000000 0.000000
1 1.612900 -1.612900
1 1.051400 -1.051400
2 -2.523700 2.523700
1 0.525700 -0.525700
1 0.000600 -0.000600
1 0.000000 0.000000
1 0.000000 0.000000
2 -0.512900 0.512900
1 0.000000 0.000000
1 0.548700 -0.548700
2 -1.462100 1.462100
1 1.051400 -1.051400
1 0.000000 0.000000
2 -1.005400 1.005400
1 1.051400 -1.051400
2 -0.010200 0.010200
1 0.548700 -0.548700
1 1.600000 -1.600000
2 -0.011200 0.011200
1 0.525700 -0.525700
1 2.628600 -2.628600
1 2.628500 -2.628500
1 0.000600 -0.000600
1 0.002600 -0.002600
1 2.102800 -2.102800
2 -1.005900 1.005900
2 -0.982400 0.982400
1 1.623100 -1.623100
2 -0.010200 0.010200
1 0.000100 -0.000100
2 -1.005400 1.005400
1 0.000000 0.000000
1 0.000000 0.000000
2 -1.518300 1.518300
1 0.000000 0.000000
1 1.074400 -1.074400
2 -0.502700 0.502700
1 0.023300 -0.023300
2 -0.502700 0.502700
2 -0.502700 0.502700
1 1.041200 -1.041200
1 0.023000 -0.023000
1 1.623100 -1.623100
1 0.000000 0.000000
2 -0.479700 0.479700
2 -1.005400 1.005400
2 -1.005400 1.005400
1 0.525700 -0.525700
2 -0.010300 0.010300
1 0.548700 -0.548700
2 -1.003900 1.003900
1 0.000000 0.000000
2 -1.987800 1.987800
1 1.601100 -1.601100
2 -1.002900 1.002900
1 0.000000 0.000000
1 0.000000 0.000000
1 0.000800 -0.000800
1 2.628500 -2.628500
1 0.000000 0.000000
1 0.000200 -0.000200
1 0.594700 -0.594700
1 2.105400 -2.105400
1 1.567000 -1.567000
1 1.051400 -1.051400
2 -1.987800 1.987800
1 0.001500 -0.001500
2 -1.461800 1.461800
1 2.628400 -2.628400
2 -0.502700 0.502700
1 0.046000 -0.046000
2 -0.502300 0.502300
1 0.001300 -0.001300
2 -0.010200 0.010200
2 -0.008800 0.008800
1 0.000000 0.000000
2 -1.508000 1.508000
2 -0.010200 0.010200
1 0.000000 0.000000
2 -1.015600 1.015600
2 -0.456700 0.456700
1 0.000000 0.000000
2 -0.502700 0.502700
1 2.618300 -2.618300
2 -0.030600 0.030600
2 -0.020400 0.020400
1 1.577500 -1.577500
1 0.000000 0.000000
2 -0.501600 0.501600
1 0.022900 -0.022900
2 -2.513500 2.513500
2 -0.010100 0.010100
2 -0.936400 0.936400
2 -0.456700 0.456700
2 -2.010800 2.010800
1 0.000300 -0.000300
1 1.566900 -1.566900
2 -1.025800 1.025800
2 -0.992600 0.992600
1 0.000000 0.000000
1 1.566900 -1.566900
1 0.001600 -0.001600
2 -0.020400 0.020400
2 -1.518300 1.518300
1 0.000000 0.000000
1 1.120400 -1.120400
1 0.000100 -0.000100
2 -0.010200 0.010200
1 0.525700 -0.525700
2 -1.462500 1.462500
2 -0.020400 0.020400
2 -0.010200 0.010200
2 -0.512900 0.512900
2 -0.502700 0.502700
1 0.000000 0.000000
2 -1.014300 1.014300
2 -0.000100 0.000100
2 -0.000100 0.000100
1 1.041100 -1.041100
2 -0.502700 0.502700
2 -0.010200 0.010200
2 -0.512900 0.512900
2 -0.501300 0.501300
2 -0.502700 0.502700
2 -0.512900 0.512900
1 0.000000 0.000000
1 0.515500 -0.515500
2 -0.010200 0.010200
1 1.577100 -1.577100
1 0.000000 0.000000
1 0.023000 -0.023000
1 1.051400 -1.051400
2 -0.456600 0.456600
1 1.074500 -1.074500
2 -0.502700 0.502700
2 -1.468200 1.468200
2 -0.456800 0.456800
2 -0.512900 0.512900
1 1.577100 -1.577100
2 -1.005400 1.005400
1 0.023000 -0.023000
2 -0.010100 0.010100
1 1.589900 -1.589900
2 -0.020400 0.020400
1 2.628500 -2.628500
1 1.623200 -1.623200
1 1.577100 -1.577100
2 -1.005200 1.005200
1 1.623100 -1.623100
2 -0.020400 0.020400
1 1.600100 -1.600100
1 1.074400 -1.074400
1 1.623100 -1.623100
2 -0.502700 0.502700
1 0.023000 -0.023000
2 -0.007500 0.007500
1 0.000000 0.000000
1 2.102800 -2.102800
1 1.074400 -1.074400
1 1.041400 -1.041400
1 1.051400 -1.051400
1 2.125800 -2.125800
1 1.577100 -1.577100
1 0.069000 -0.069000
1 0.000000 0.000000
2 -0.502700 0.502700
1 0.002000 -0.002000
2 -0.010200 0.010200
1 0.525800 -0.525800
1 0.594700 -0.594700
2 -0.007500 0.007500
1 0.115000 -0.115000
1 1.556700 -1.556700
1 1.051600 -1.051600
1 0.000100 -0.000100
1 0.000000 0.000000
1 0.000300 -0.000300
2 -0.502700 0.502700
2 -2.523700 2.523700
1 0.000000 0.000000
2 -0.010200 0.010200
1 0.000000 0.000000
2 -1.005400 1.005400
2 -0.010200 0.010200
1 0.525700 -0.525700
1 2.125800 -2.125800
2 -1.508300 1.508300
1 0.000000 0.000000
1 0.538500 -0.538500
2 -2.533900 2.533900
1 1.566900 -1.566900
2 -0.420900 0.420900
1 0.000000 0.000000
1 0.023300 -0.023300
2 -0.502700 0.502700
2 -0.010200 0.010200
1 0.000000 0.000000
1 1.074400 -1.074400
1 1.577100 -1.577100
1 0.000000 0.000000
1 1.120400 -1.120400
2 -0.936400 0.936400
2 -1.005400 1.005400
1 1.623100 -1.623100
2 -0.010200 0.010200
2 -1.485000 1.485000
2 -2.513400 2.513400
2 -0.000100 0.000100
1 0.594700 -0.594700
1 0.000000 0.000000
1 0.000000 0.000000
1 1.051600 -1.051600
2 -0.502700 0.502700
1 1.578100 -1.578100
1 0.000000 0.000000
1 2.125800 -2.125800
1 0.023000 -0.023000
1 0.000000 0.000000
2 -1.508100 1.508100
2 -1.485100 1.485100
2 -0.010200 0.010200
1 0.000000 0.000000
2 -0.456700 0.456700
1 1.097500 -1.097500
1 0.000000 0.000000
1 0.000000 0.000000
2 -0.010200 0.010200
1 1.567000 -1.567000
1 0.548600 -0.548600
1 0.000100 -0.000100
1 1.051400 -1.051400
1 2.092600 -2.092600
1 2.628400 -2.628400
2 -0.010200 0.010200
2 -0.010200 0.010200
1 0.000000 0.000000
1 0.046200 -0.046200
1 1.623100 -1.623100
1 2.092600 -2.092600
2 -0.512800 0.512800
1 2.125800 -2.125800
1 0.000000 0.000000
2 -1.015600 1.015600
2 -1.528500 1.528500
1 0.000000 0.000000
1 1.577100 -1.577100
2 -1.462300 1.462300
1 0.526100 -0.526100
1 0.002400 -0.002400
2 -1.015600 1.015600
2 -0.502700 0.502700
2 -1.005400 1.005400
1 0.000000 0.000000
1 1.577100 -1.577100
1 0.000000 0.000000
2 -0.010200 0.010200
1 0.000000 0.000000
2 -0.502700 0.502700
1 0.528300 -0.528300
2 -0.512900 0.512900
1 0.000000 0.000000
1 1.600100 -1.600100
2 -0.502400 0.502400
1 0.000000 0.000000
2 -0.410300 0.410300
1 2.628300 -2.628300
1 0.515500 -0.515500
1 0.000000 0.000000
1 0.000000 0.000000
2 -2.533900 2.533900
1 0.000100 -0.000100
2 -1.508100 1.508100
2 -0.502600 0.502600
1 0.571700 -0.571700
2 -2.513700 2.513700
1 0.548700 -0.548700
1 0.025200 -0.025200
1 0.000000 0.000000
1 0.000000 0.000000
1 0.010800 -0.010800
1 1.577300 -1.577300
1 2.102800 -2.102800
1 0.000000 0.000000
2 -1.005400 1.005400
1 0.000000 0.000000
1 1.074800 -1.074800
2 -2.523700 2.523700
2 -1.987800 1.987800
1 0.000000 0.000000
1 0.000000 0.000000
1 0.000000 0.000000
2 -1.015600 1.015600
1 1.097500 -1.097500
2 -0.010200 0.010200
1 1.074400 -1.074400
1 1.097400 -1.097400
1 1.623100 -1.623100
2 -0.010200 0.010200
2 -0.502700 0.502700
1 0.000000 0.000000
1 0.538600 -0.538600
2 -0.512900 0.512900
1 0.000700 -0.000700
1 0.000000 0.000000
1 0.000000 0.000000
2 -1.518200 1.518200
1 0.000100 -0.000100
2 -2.544100 2.544100
1 0.000000 0.000000
2 -1.005400 1.005400
2 -1.003400 1.003400
2 -1.505700 1.505700
2 -0.501400 0.501400
1 0.000000 0.000000
2 -1.005000 1.005000
1 0.000000 0.000000
2 -1.015600 1.015600
1 2.628700 -2.628700
1 1.567000 -1.567000
2 -2.513500 2.513500
2 -0.000100 0.000100
2 -2.513500 2.513500
2 -0.479700 0.479700
1 0.548700 -0.548700
1 0.538600 -0.538600
1 0.000000 0.000000
1 1.051400 -1.051400
1 2.102500 -2.102500
2 -2.513700 2.513700
2 -0.010200 0.010200
1 0.000000 0.000000
1 0.529200 -0.529200
1 0.525700 -0.525700
2 -2.523700 2.523700
1 0.000000 0.000000
2 -0.010200 0.010200
1 1.051400 -1.051400
1 2.102800 -2.102800
1 0.000400 -0.000400
2 -0.513000 0.513000
2 -0.010100 0.010100
1 1.051400 -1.051400
1 0.571800 -0.571800
2 -0.410900 0.410900
1 0.000000 0.000000
1 0.000000 0.000000
2 -2.513500 2.513500
2 -0.010200 0.010200
1 0.115000 -0.115000
2 -0.000000 0.000000
2 -2.513400 2.513400
1 2.125800 -2.125800
2 -1.462100 1.462100
1 0.023000 -0.023000
1 0.000000 0.000000
1 0.548700 -0.548700
1 1.051500 -1.051500
1 0.000000 0.000000
1 0.000000 0.000000
1 0.000000 0.000000
1 0.000000 0.000000
2 -0.010200 0.010200
2 -0.010200 0.010200
1 2.628500 -2.628500
2 -0.502900 0.502900
1 1.097400 -1.097400
2 -2.513000 2.513000
1 0.000000 0.000000
1 1.041300 -1.041300
2 -0.502700 0.502700
2 -1.007400 1.007400
2 -0.010200 0.010200
1 0.525700 -0.525700
1 0.525700 -0.525700
1 0.525700 -0.525700
2 -2.514300 2.514300
1 2.125800 -2.125800
1 2.125800 -2.125800
2 -0.512900 0.512900
2 -0.000400 0.000400
1 0.114700 -0.114700
2 -0.946400 0.946400
1 0.000000 0.000000
2 -1.015800 1.015800
1 0.525700 -0.525700
2 -0.001900 0.001900
2 -0.010200 0.010200
1 0.115000 -0.115000
2 -1.508100 1.508100
2 -1.508100 1.508100
2 -1.508100 1.508100
1 0.105000 -0.105000
2 -1.005400 1.005400
1 1.576100 -1.576100
1 1.623000 -1.623000
1 1.600100 -1.600100
2 -1.007200 1.007200
2 -1.006000 1.006000
1 0.023000 -0.023000
1 1.051400 -1.051400
2 -0.010200 0.010200
2 -1.508100 1.508100
2 -0.502700 0.502700
1 0.000000 0.000000
1 0.525700 -0.525700
2 -1.508300 1.508300
2 -1.006000 1.006000
2 -1.005400 1.005400
2 -1.508100 1.508100
2 -1.508100 1.508100
1 1.121400 -1.121400
2 -1.987800 1.987800
2 -0.000300 0.000300
1 0.000000 0.000000
2 -1.005600 1.005600
1 0.000000 0.000000
2 -0.982400 0.982400
2 -2.513500 2.513500
2 -0.507100 0.507100
2 -2.512800 2.512800
2 -0.502700 0.502700
2 -0.010200 0.010200
2 -2.513500 2.513500
2 -2.010800 2.010800
2 -0.010200 0.010200
2 -1.508100 1.508100
1 2.618300 -2.618300
2 -1.508100 1.508100
2 -2.513700 2.513700
2 -2.523700 2.523700
1 0.571300 -0.571300
1 0.000000 0.000000
2 -2.513500 2.513500
1 0.000000 0.000000
2 -0.002400 0.002400
2 -1.005400 1.005400
2 -1.005400 1.005400
2 -0.508600 0.508600
2 -0.001900 0.001900
2 -1.987800 1.987800
1 0.000000 0.000000
2 -0.001900 0.001900
1 0.000100 -0.000100
2 -1.009100 1.009100
2 -0.512900 0.512900
2 -2.513500 2.513500
2 -0.502900 0.502900
2 -1.006000 1.006000
1 0.000000 0.000000
2 -1.004100 1.004100
2 -0.502700 0.502700
1 0.045900 -0.045900
1 0.000000 0.000000
1 0.000000 0.000000
2 -0.502400 0.502400
2 -1.987800 1.987800
1 1.600100 -1.600100
2 -1.508100 1.508100
2 -0.010200 0.010200
1 0.000000 0.000000
1 0.525700 -0.525700
2 -0.502700 0.502700
2 -0.502700 0.502700
2 -1.508100 1.508100
2 -1.509800 1.509800
1 1.049800 -1.049800
2 -2.514500 2.514500
2 -1.006300 1.006300
1 0.000000 0.000000
1 0.000000 0.000000
2 -1.508100 1.508100
1 0.000000 0.000000
2 -0.001700 0.001700
1 0.000000 0.000000
2 -1.508100 1.508100
1 0.000000 0.000000
1 1.577100 -1.577100
2 -2.021000 2.021000
1 1.041200 -1.041200
2 -0.000200 0.000200
1 0.000000 0.000000
2 -0.507400 0.507400
2 -0.001200 0.001200
1 0.000000 0.000000
1 0.000000 0.000000
1 0.000100 -0.000100
2 -1.015500 1.015500
2 -2.523700 2.523700
2 -0.512900 0.512900
1 2.618300 -2.618300
1 1.072600 -1.072600
2 -0.010200 0.010200
1 0.023000 -0.023000
2 -0.502700 0.502700
1 0.000000 0.000000
2 -0.456700 0.456700
1 1.600200 -1.600200
2 -2.010800 2.010800
2 -1.462100 1.462100
2 -0.512700 0.512700
1 2.102800 -2.102800
1 1.600100 -1.600100
1 0.048600 -0.048600
2 -1.016300 1.016300
2 -0.002000 0.002000
1 1.590000 -1.590000
2 -1.005500 1.005500
2 -0.936400 0.936400
2 -0.502700 0.502700
2 -1.508100 1.508100
2 -2.017200 2.017200
1 2.628500 -2.628500
2 -1.988100 1.988100
2 -0.010200 0.010200
2 -0.502700 0.502700
1 2.628500 -2.628500
2 -2.513500 2.513500
2 -0.479700 0.479700
2 -2.513500 2.513500
2 -0.502700 0.502700
2 -1.508100 1.508100
1 2.628500 -2.628500
2 -0.010200 0.010200
2 -0.010200 0.010200
2 -0.502900 0.502900
1 0.023000 -0.023000
2 -0.956900 0.956900
1 0.000000 0.000000
1 0.000000 0.000000
2 -1.508800 1.508800
2 -1.005400 1.005400
1 0.525700 -0.525700
2 -0.502300 0.502300
2 -2.513800 2.513800
2 -1.005400 1.005400
2 -0.936400 0.936400
1 0.000000 0.000000
1 0.000000 0.000000
1 0.000000 0.000000
1 0.022700 -0.022700
2 -1.005400 1.005400
2 -1.485100 1.485100
1 1.074400 -1.074400
2 -0.502800 0.502800
1 1.097300 -1.097300
2 -2.513500 2.513500
2 -0.982400 0.982400
1 1.074400 -1.074400
2 -1.012000 1.012000
2 -0.936400 0.936400
1 0.000300 -0.000300
1 0.113900 -0.113900
2 -0.512900 0.512900
1 0.570700 -0.570700
2 -2.554300 2.554300
1 0.564800 -0.564800
1 0.000000 0.000000
1 0.023200 -0.023200
2 -1.004900 1.004900
1 0.000000 0.000000
1 0.023000 -0.023000
2 -1.518300 1.518300
1 1.600100 -1.600100
2 -1.462100 1.462100
2 -2.513500 2.513500
2 -0.982500 0.982500
2 -2.513800 2.513800
2 -0.020500 0.020500
2 -1.508200 1.508200
2 -1.987800 1.987800
2 -1.508200 1.508200
1 0.000100 -0.000100
2 -2.544300 2.544300
1 0.069000 -0.069000
2 -1.462100 1.462100
1 0.000000 0.000000
2 -0.010200 0.010200
1 0.571700 -0.571700
2 -1.006100 1.006100
2 -2.514300 2.514300
2 -0.502700 0.502700
1 0.000000 0.000000
2 -1.518300 1.518300
2 -1.005400 1.005400
1 0.069200 -0.069200
1 0.546800 -0.546800
2 -1.507700 1.507700
1 0.000000 0.000000
1 0.002500 -0.002500
2 -2.011000 2.011000
2 -2.513500 2.513500
1 2.126000 -2.126000
1 2.102800 -2.102800
2 -1.462600 1.462600
2 -1.005600 1.005600
2 -1.511000 1.511000
2 -1.015600 1.015600
1 0.023000 -0.023000
2 -1.518300 1.518300
2 -1.008900 1.008900
2 -1.508100 1.508100
2 -1.015600 1.015600
2 -0.502700 0.502700
2 -0.502700 0.502700
2 -1.011500 1.011500
2 -1.508100 1.508100
2 -0.010200 0.010200
2 -2.514100 2.514100
1 0.115000 -0.115000
2 -1.015600 1.015600
2 -0.008200 0.008200
2 -2.513400 2.513400
2 -0.502700 0.502700
1 0.023000 -0.023000
2 -2.513500 2.513500
2 -0.993100 0.993100
1 0.044600 -0.044600
1 1.051400 -1.051400
2 -1.987800 1.987800
2 -0.008100 0.008100
2 -0.420900 0.420900
2 -1.005400 1.005400
2 -1.005400 1.005400
1 0.000000 0.000000
1 0.000000 0.000000
1 0.046100 -0.046100
1 0.000000 0.000000
2 -1.508100 1.508100
2 -0.010200 0.010200
2 -0.010200 0.010200
2 -0.502700 0.502700
2 -0.982800 0.982800
1 0.023000 -0.023000
2 -0.987300 0.987300
2 -1.005400 1.005400
1 1.577100 -1.577100
2 -0.000400 0.000400
1 0.000400 -0.000400
2 -2.010800 2.010800
2 -2.012600 2.012600
2 -0.486000 0.486000
1 0.000000 0.000000
1 0.000000 0.000000
2 -2.523600 2.523600
1 0.000000 0.000000
2 -1.005400 1.005400
2 -2.523700 2.523700
1 0.000000 0.000000
1 0.000000 0.000000
2 -0.479700 0.479700
1 0.000000 0.000000
2 -0.010200 0.010200
1 0.548700 -0.548700
2 -2.513500 2.513500
1 0.000000 0.000000
2 -0.010200 0.010200
2 -1.005400 1.005400
1 1.087200 -1.087200
2 -0.502700 0.502700
1 1.051400 -1.051400
2 -2.021000 2.021000
2 -0.411000 0.411000
1 1.577100 -1.577100
1 0.000000 0.000000
2 -0.010200 0.010200
2 -1.491800 1.491800
1 1.097400 -1.097400
2 -1.005700 1.005700
2 -1.005400 1.005400
1 0.000000 0.000000
1 0.000000 0.000000
2 -0.502700 0.502700
2 -1.508100 1.508100
2 -0.010100 0.010100
1 0.000000 0.000000
2 -1.518200 1.518200
2 -0.010200 0.010200
2 -1.987800 1.987800
2 -0.010200 0.010200
2 -1.518200 1.518200
1 0.000000 0.000000
1 0.568800 -0.568800
2 -2.513500 2.513500
1 0.000000 0.000000
2 -0.502700 0.502700
2 -2.544100 2.544100
2 -1.002900 1.002900
1 0.000000 0.000000
2 -1.004600 1.004600
2 -1.518300 1.518300
2 -0.000200 0.000200
1 1.051400 -1.051400
2 -1.987800 1.987800
2 -1.485100 1.485100
1 1.051400 -1.051400
1 0.525700 -0.525700
1 1.577100 -1.577100
1 0.525600 -0.525600
1 0.000000 0.000000
1 0.000000 0.000000
2 -0.502700 0.502700
2 -2.008200 2.008200
1 2.092600 -2.092600
2 -0.502600 0.502600
2 -0.936400 0.936400
1 0.046000 -0.046000
2 -1.005300 1.005300
1 0.537900 -0.537900
1 1.556700 -1.556700
2 -0.010300 0.010300
2 -0.010200 0.010200
2 -1.508100 1.508100
1 0.571300 -0.571300
2 -0.010200 0.010200
2 -0.000600 0.000600
2 -1.005700 1.005700
2 -0.936400 0.936400
2 -1.015600 1.015600
2 -2.513500 2.513500
2 -0.000200 0.000200
1 0.594800 -0.594800
1 0.058800 -0.058800
1 1.623100 -1.623100
2 -2.513500 2.513500
2 -2.514300 2.514300
2 -1.508100 1.508100
2 -1.518300 1.518300
1 0.515500 -0.515500
2 -0.010100 0.010100
2 -0.502700 0.502700
1 0.515500 -0.515500
1 0.000200 -0.000200
2 -0.992600 0.992600
1 0.000000 0.000000
2 -0.959600 0.959600
2 -0.502800 0.502800
2 -2.513500 2.513500
1 0.000000 0.000000
2 -0.502900 0.502900
1 0.571300 -0.571300
2 -1.011600 1.011600
1 0.570800 -0.570800
2 -1.508100 1.508100
1 0.012800 -0.012800
1 0.525700 -0.525700
2 -1.005300 1.005300
2 -1.005400 1.005400
1 1.074400 -1.074400
2 -0.502700 0.502700
2 -0.982400 0.982400
2 -0.936400 0.936400
2 -1.509200 1.509200
2 -1.462300 1.462300
1 1.110200 -1.110200
1 0.000100 -0.000100
1 0.000000 0.000000
1 0.023000 -0.023000
2 -1.508200 1.508200
2 -0.456700 0.456700
2 -0.523100 0.523100
1 0.000000 0.000000
2 -1.006500 1.006500
2 -0.020400 0.020400
1 0.046000 -0.046000
1 1.536300 -1.536300
1 0.000000 0.000000
1 1.064200 -1.064200
2 -0.502700 0.502700
2 -0.010200 0.010200
1 2.092600 -2.092600
2 -0.479800 0.479800
2 -0.502700 0.502700
1 0.000000 0.000000
2 -2.512500 2.512500
1 0.000000 0.000000
1 0.525800 -0.525800
2 -1.005400 1.005400
2 -0.982700 0.982700
1 1.041200 -1.041200
1 1.577500 -1.577500
2 -1.518300 1.518300
1 0.515500 -0.515500
1 0.515500 -0.515500
1 0.548700 -0.548700
2 -0.982400 0.982400
2 -0.502700 0.502700
2 -0.000200 0.000200
1 0.000000 0.000000
2 -0.489900 0.489900
2 -0.502700 0.502700
2 -2.523700 2.523700
1 1.041200 -1.041200
1 0.000000 0.000000
2 -0.502100 0.502100
1 0.000000 0.000000
2 -1.005400 1.005400
1 0.538500 -0.538500
1 0.000400 -0.000400
2 -1.005400 1.005400
1 2.628500 -2.628500
1 0.000000 0.000000
2 -2.513500 2.513500
2 -1.005400 1.005400
2 -1.011700 1.011700
1 0.115000 -0.115000
1 0.000100 -0.000100
2 -1.005700 1.005700
2 -1.012500 1.012500
2 -2.523700 2.523700
1 1.577100 -1.577100
1 0.023000 -0.023000
2 -1.508000 1.508000
1 0.000000 0.000000
2 -0.010200 0.010200
1 0.000000 0.000000
1 1.600100 -1.600100
2 -2.523700 2.523700
1 0.567300 -0.567300
1 0.069000 -0.069000
2 -2.031200 2.031200
1 0.000000 0.000000
2 -2.523700 2.523700
2 -1.472300 1.472300
2 -0.004500 0.004500
1 0.023200 -0.023200
1 0.002600 -0.002600
2 -1.987800 1.987800
1 1.577100 -1.577100
2 -0.479700 0.479700
2 -1.508000 1.508000
1 1.612900 -1.612900
1 0.000000 0.000000
2 -0.502700 0.502700
1 1.097400 -1.097400
2 -0.479700 0.479700
1 0.548700 -0.548700
1 0.000000 0.000000
1 0.115100 -0.115100
1 0.023600 -0.023600
2 -2.010800 2.010800
2 -1.987700 1.987700
2 -0.503400 0.503400
1 2.125800 -2.125800
1 1.074400 -1.074400
2 -0.000400 0.000400
1 0.595000 -0.595000
2 -0.001000 0.001000
1 1.577100 -1.577100
1 0.067500 -0.067500
2 -0.512900 0.512900
2 -0.010200 0.010200
1 0.000000 0.000000
2 -1.472300 1.472300
1 0.000000 0.000000
1 0.000000 0.000000
1 0.046000 -0.046000
2 -0.989400 0.989400
2 -0.456700 0.456700
2 -1.005500 1.005500
2 -1.518000 1.518000
1 0.092000 -0.092000
2 -1.008500 1.008500
1 0.000000 0.000000
2 -0.512900 0.512900
2 -0.502700 0.502700
2 -0.502700 0.502700
2 -0.000100 0.000100
2 -1.505800 1.505800
2 -0.502700 0.502700
1 0.000000 0.000000
1 0.000000 0.000000
2 -0.502700 0.502700
1 0.000000 0.000000
2 -1.988900 1.988900
2 -1.462400 1.462400
2 -1.011800 1.011800
1 0.114700 -0.114700
2 -0.502700 0.502700
1 0.000000 0.000000
1 0.000000 0.000000
1 1.600100 -1.600100
2 -0.008600 0.008600
2 -2.513500 2.513500
2 -0.479700 0.479700
2 -1.005400 1.005400
2 -1.508100 1.508100
2 -0.010200 0.010200
1 0.023000 -0.023000
2 -1.005400 1.005400
1 0.115200 -0.115200
1 0.000000 0.000000
2 -2.523700 2.523700
2 -2.513500 2.513500
2 -0.502800 0.502800
2 -1.989300 1.989300
2 -0.512900 0.512900
2 -0.982400 0.982400
1 1.623200 -1.623200
2 -1.005700 1.005700
1 0.022300 -0.022300
1 0.022700 -0.022700
1 0.045300 -0.045300
1 0.000000 0.000000
1 0.000000 0.000000
2 -0.514900 0.514900
1 0.000000 0.000000
2 -0.503000 0.503000
2 -0.512900 0.512900
2 -0.004600 0.004600
1 2.628400 -2.628400
2 -1.016000 1.016000
1 0.000000 0.000000
1 0.000000 0.000000
2 -1.005400 1.005400
2 -2.513500 2.513500
2 -0.946600 0.946600
2 -1.508500 1.508500
2 -0.010200 0.010200
1 0.515500 -0.515500
2 -1.510600 1.510600
1 0.000000 0.000000
2 -0.946600 0.946600
1 1.110200 -1.110200
2 -0.502800 0.502800
2 -2.514000 2.514000
1 1.577100 -1.577100
1 0.000000 0.000000
2 -1.508100 1.508100
2 -1.508100 1.508100
2 -2.513500 2.513500
1 2.102800 -2.102800
2 -1.509800 1.509800
2 -0.505600 0.505600
2 -0.006700 0.006700
2 -1.010500 1.010500
2 -0.489900 0.489900
1 0.000000 0.000000
2 -0.502700 0.502700
1 0.000000 0.000000
2 -0.523100 0.523100
1 0.000000 0.000000
1 2.618500 -2.618500
2 -1.005400 1.005400
2 -0.513000 0.513000
1 0.012700 -0.012700
2 -1.518300 1.518300
1 0.548700 -0.548700
2 -0.010200 0.010200
1 0.000000 0.000000
2 -1.005400 1.005400
2 -0.001600 0.001600
2 -0.000800 0.000800
2 -0.010100 0.010100
2 -0.507800 0.507800
1 0.035800 -0.035800
1 0.000100 -0.000100
2 -2.513500 2.513500
2 -0.502900 0.502900
2 -1.508100 1.508100
2 -1.005400 1.005400
2 -0.504400 0.504400
1 0.000000 0.000000
2 -0.543500 0.543500
2 -1.005400 1.005400
1 0.000000 0.000000
2 -0.000400 0.000400
2 -0.010200 0.010200
2 -0.020400 0.020400
1 1.031000 -1.031000
1 0.000000 0.000000
2 -0.502700 0.502700
1 1.120400 -1.120400
2 -0.479700 0.479700
2 -1.518300 1.518300
1 0.572500 -0.572500
1 0.000000 0.000000
2 -1.508100 1.508100
2 -0.502700 0.502700
2 -0.512900 0.512900
2 -0.010200 0.010200
1 1.041000 -1.041000
1 0.515500 -0.515500
2 -1.518300 1.518300
2 -0.502700 0.502700
2 -1.007600 1.007600
2 -1.005400 1.005400
1 0.000000 0.000000
1 0.023000 -0.023000
2 -1.508000 1.508000
1 0.012800 -0.012800
1 1.051400 -1.051400
2 -0.010200 0.010200
1 0.000000 0.000000
2 -0.502700 0.502700
2 -0.505100 0.505100
2 -0.502700 0.502700
1 1.064200 -1.064200
2 -1.510200 1.510200
2 -1.507900 1.507900
2 -1.005400 1.005400
2 -0.512900 0.512900
1 0.000000 0.000000
2 -0.983000 0.983000
2 -2.513400 2.513400
1 2.628400 -2.628400
2 -1.508100 1.508100
2 -0.982400 0.982400
2 -0.010200 0.010200
2 -0.010200 0.010200
1 1.041200 -1.041200
2 -0.020400 0.020400
2 -0.005200 0.005200
2 -1.006600 1.006600
1 0.515500 -0.515500
2 -0.010200 0.010200
2 -0.000100 0.000100
2 -0.507700 0.507700
2 -0.010100 0.010100
1 0.000000 0.000000
2 -0.010200 0.010200
1 0.000000 0.000000
1 2.628100 -2.628100
2 -0.502700 0.502700
1 0.000900 -0.000900
2 -0.479700 0.479700
2 -2.523700 2.523700
2 -0.000100 0.000100
1 1.051400 -1.051400
2 -0.504500 0.504500
1 0.000000 0.000000
1 0.115200 -0.115200
2 -1.012500 1.012500
2 -2.010800 2.010800
1 0.087300 -0.087300
2 -0.466900 0.466900
2 -0.502700 0.502700
2 -0.010200 0.010200
1 0.548600 -0.548600
2 -0.502500 0.502500
2 -1.508100 1.508100
2 -0.010200 0.010200
1 1.577100 -1.577100
1 0.538400 -0.538400
1 0.548600 -0.548600
1 0.001000 -0.001000
2 -1.005400 1.005400
1 0.000000 0.000000
2 -0.010200 0.010200
2 -0.000200 0.000200
2 -0.466900 0.466900
1 0.525700 -0.525700
2 -1.508100 1.508100
2 -0.006000 0.006000
1 0.000000 0.000000
2 -0.010200 0.010200
1 0.000000 0.000000
2 -1.005400 1.005400
2 -0.512900 0.512900
2 -0.523100 0.523100
2 -0.480400 0.480400
2 -1.015600 1.015600
2 -0.001000 0.001000
2 -0.936300 0.936300
2 -1.508100 1.508100
2 -0.010200 0.010200
2 -1.005500 1.005500
2 -1.508100 1.508100
2 -0.030800 0.030800
2 -2.514700 2.514700
2 -0.502700 0.502700
1 0.548700 -0.548700
2 -0.502600 0.502600
1 0.000000 0.000000
1 2.092600 -2.092600
2 -1.508200 1.508200
2 -1.011400 1.011400
1 0.069000 -0.069000
2 -0.512900 0.512900
1 0.000000 0.000000
2 -0.502700 0.502700
2 -0.502700 0.502700
2 -0.502700 0.502700
2 -1.987800 1.987800
2 -1.508100 1.508100
1 2.115600 -2.115600
1 0.607400 -0.607400
2 -1.987800 1.987800
2 -2.513100 2.513100
1 0.095800 -0.095800
2 -0.502700 0.502700
2 -1.011300 1.011300
2 -0.030600 0.030600
2 -0.982400 0.982400
1 0.000000 0.000000
1 1.623100 -1.623100
1 0.525700 -0.525700
1 0.023000 -0.023000
1 1.051400 -1.051400
1 0.515500 -0.515500
2 -2.513500 2.513500
2 -0.512900 0.512900
2 -1.006100 1.006100
2 -1.015600 1.015600
1 0.000000 0.000000
2 -2.010800 2.010800
2 -0.502800 0.502800
1 0.114900 -0.114900
1 0.000000 0.000000
1 0.115000 -0.115000
2 -1.508700 1.508700
2 -0.010200 0.010200
1 1.051400 -1.051400
1 1.074400 -1.074400
2 -0.479700 0.479700
2 -1.998000 1.998000
1 0.000000 0.000000
2 -1.508100 1.508100
2 -1.005400 1.005400
1 0.000700 -0.000700
2 -1.518300 1.518300
2 -1.509300 1.509300
2 -1.005700 1.005700
2 -0.512900 0.512900
1 2.102800 -2.102800
1 0.525700 -0.525700
2 -0.502700 0.502700
1 0.571700 -0.571700
2 -1.508100 1.508100
1 0.548600 -0.548600
1 1.051400 -1.051400
1 0.000000 0.000000
1 0.000000 0.000000
1 0.000000 0.000000
1 0.525700 -0.525700
2 -0.001800 0.001800
2 -0.502700 0.502700
1 2.102500 -2.102500
2 -0.456700 0.456700
1 0.000000 0.000000
1 1.577100 -1.577100
1 0.000100 -0.000100
1 1.612900 -1.612900
1 1.051400 -1.051400
1 0.000000 0.000000
2 -0.512900 0.512900
2 -0.020700 0.020700
2 -1.507800 1.507800
2 -0.000100 0.000100
2 -0.001300 0.001300
1 0.000000 0.000000
2 -0.005200 0.005200
2 -0.410700 0.410700
2 -1.011900 1.011900
2 -0.456700 0.456700
2 -2.523600 2.523600
2 -0.020400 0.020400
2 -2.513400 2.513400
2 -1.998000 1.998000
1 0.000000 0.000000
2 -1.508100 1.508100
1 2.102800 -2.102800
2 -0.982500 0.982500
1 0.571700 -0.571700
2 -1.508700 1.508700
1 0.000000 0.000000
1 0.000000 0.000000
2 -0.523100 0.523100
2 -0.982400 0.982400
1 0.000000 0.000000
1 2.092500 -2.092500
1 0.525000 -0.525000
2 -0.010100 0.010100
2 -2.513800 2.513800
1 0.515900 -0.515900
2 -0.030600 0.030600
2 -1.508100 1.508100
2 -0.010400 0.010400
2 -1.508100 1.508100
1 0.000000 0.000000
2 -2.513500 2.513500
1 0.024000 -0.024000
2 -0.010200 0.010200
2 -1.508100 1.508100
2 -1.508400 1.508400
2 -2.513500 2.513500
2 -0.479700 0.479700
2 -0.010600 0.010600
2 -0.010200 0.010200
2 -2.021000 2.021000
1 0.000000 0.000000
2 -0.010200 0.010200
2 -2.513500 2.513500
2 -0.502700 0.502700
2 -1.987800 1.987800
2 -1.482500 1.482500
2 -1.987800 1.987800
2 -0.938100 0.938100
2 -0.533300 0.533300
2 -0.010200 0.010200
2 -0.000100 0.000100
2 -0.513000 0.513000
2 -1.005400 1.005400
1 0.092000 -0.092000
1 0.000000 0.000000
2 -0.000200 0.000200
2 -1.007300 1.007300
2 -0.010500 0.010500
2 -1.005400 1.005400
1 1.110200 -1.110200
1 0.000000 0.000000
1 0.000000 0.000000
1 0.000000 0.000000
2 -0.502700 0.502700
2 -1.998000 1.998000
1 0.515500 -0.515500
1 0.000000 0.000000
2 -2.513600 2.513600
1 0.000400 -0.000400
2 -1.005900 1.005900
2 -0.512900 0.512900
1 0.000000 0.000000
1 2.102800 -2.102800
1 0.584500 -0.584500
1 0.000000 0.000000
2 -0.010200 0.010200
1 0.538500 -0.538500
2 -0.010300 0.010300
1 0.022700 -0.022700
1 0.000000 0.000000
2 -0.502700 0.502700
2 -0.982400 0.982400
2 -0.502600 0.502600
2 -0.502700 0.502700
2 -1.009200 1.009200
2 -1.508100 1.508100
2 -0.936400 0.936400
2 -2.513400 2.513400
2 -1.017100 1.017100
2 -0.010200 0.010200
2 -1.508100 1.508100
2 -0.502700 0.502700
1 0.548700 -0.548700
2 -0.000300 0.000300
2 -2.513500 2.513500
1 0.000000 0.000000
2 -2.523700 2.523700
1 2.628500 -2.628500
2 -2.513500 2.513500
2 -1.005400 1.005400
1 0.000000 0.000000
2 -0.502700 0.502700
2 -0.010200 0.010200
2 -0.040800 0.040800
1 0.548700 -0.548700
1 2.618300 -2.618300
2 -1.005400 1.005400
2 -0.010200 0.010200
2 -0.982400 0.982400
2 -0.512900 0.512900
2 -0.937200 0.937200
1 0.000000 0.000000
2 -1.508100 1.508100
1 0.058800 -0.058800
1 0.515800 -0.515800
1 0.045400 -0.045400
1 1.566900 -1.566900
2 -1.508100 1.508100
2 -0.010400 0.010400
2 -0.501700 0.501700
1 0.000000 0.000000
1 0.525800 -0.525800
2 -0.502700 0.502700
2 -2.523700 2.523700
2 -0.513000 0.513000
2 -1.508500 1.508500
1 1.577100 -1.577100
1 1.074400 -1.074400
1 0.000000 0.000000
2 -0.410700 0.410700
2 -1.008500 1.008500
2 -0.949600 0.949600
2 -0.002300 0.002300
1 2.628500 -2.628500
1 0.023000 -0.023000
1 0.525700 -0.525700
2 -0.502400 0.502400
2 -1.508200 1.508200
1 1.074400 -1.074400
1 1.041200 -1.041200
1 0.525600 -0.525600
2 -0.010200 0.010200
1 0.022100 -0.022100
1 1.051400 -1.051400
2 -0.512900 0.512900
2 -1.009100 1.009100
2 -0.512900 0.512900
2 -0.020400 0.020400
2 -1.508100 1.508100
2 -0.010200 0.010200
2 -0.012800 0.012800
2 -0.502700 0.502700
2 -2.524900 2.524900
2 -1.518300 1.518300
2 -0.010200 0.010200
2 -2.523600 2.523600
1 1.566900 -1.566900
1 0.115000 -0.115000
2 -2.511800 2.511800
2 -2.010800 2.010800
1 0.000000 0.000000
2 -0.000300 0.000300
2 -0.502700 0.502700
1 0.000000 0.000000
1 0.588700 -0.588700
2 -0.936400 0.936400
1 1.566900 -1.566900
1 2.102500 -2.102500
1 0.023000 -0.023000
2 -0.502700 0.502700
2 -0.010200 0.010200
2 -0.502700 0.502700
2 -0.010200 0.010200
2 -1.462200 1.462200
2 -0.502700 0.502700
2 -1.508100 1.508100
2 -1.002800 1.002800
1 2.092600 -2.092600
2 -1.005400 1.005400
2 -0.512900 0.512900
1 1.577100 -1.577100
1 0.000000 0.000000
2 -0.504000 0.504000
1 0.023000 -0.023000
2 -0.010100 0.010100
1 0.022800 -0.022800
2 -0.504000 0.504000
1 0.000000 0.000000
1 0.000000 0.000000
1 0.012800 -0.012800
2 -0.512900 0.512900
1 0.046000 -0.046000
1 1.577300 -1.577300
2 -1.007800 1.007800
2 -0.010200 0.010200
2 -0.010200 0.010200
1 0.000000 0.000000
1 2.125800 -2.125800
2 -0.502700 0.502700
2 -0.503000 0.503000
1 2.115600 -2.115600
2 -0.020400 0.020400
2 -0.533600 0.533600
1 0.000000 0.000000
2 -1.015600 1.015600
1 1.577100 -1.577100
2 -0.502700 0.502700
2 -2.513500 2.513500
2 -1.015600 1.015600
1 2.608000 -2.608000
2 -0.502700 0.502700
2 -0.512900 0.512900
